   1.46382E-08  3.10239E-14  1.58100E-11
   3.67742E-08  1.51809E-13  3.97200E-11
   9.23403E-08  7.18770E-13  9.97600E-11
   2.32023E-07  3.28852E-12  2.50600E-10
   5.82849E-07  1.44752E-11  6.29400E-10
   1.46382E-06  6.09178E-11  1.58100E-09
   3.67798E-06  2.44227E-10  3.97200E-09
   4.62986E-06  3.28417E-10  5.00000E-09
   9.23962E-06  8.96126E-10  9.97600E-09
   1.84346E-05  2.39359E-09  1.99000E-08
   3.67854E-05  6.28227E-09  3.97200E-08
   7.34145E-05  1.62617E-08  7.92400E-08
   1.46494E-04  4.16905E-08  1.58100E-07
   1.84457E-04  5.45668E-08  1.99000E-07
   2.92374E-04  1.01727E-07  3.15500E-07
   4.63432E-04  1.89158E-07  5.00000E-07
   5.83408E-04  2.57849E-07  6.29400E-07
   7.34703E-04  3.14482E-07  7.92400E-07
   9.25078E-04  4.28394E-07  9.97600E-07
   1.46606E-03  7.94328E-07  1.58100E-06
   2.32470E-03  1.47130E-06  2.50600E-06
   3.68524E-03  2.72398E-06  3.97200E-06
   4.64046E-03  3.53573E-06  5.00000E-06
   5.83966E-03  4.80974E-06  6.29400E-06
   7.35820E-03  6.54455E-06  7.92400E-06
   9.30699E-03  8.94234E-06  9.97600E-06
   2.94749E-02  3.73626E-05  3.15500E-05
   9.33504E-02  1.62690E-04  9.97600E-05
   1.48104E-01  2.80500E-04  1.58100E-04
   2.41174E-01  4.90314E-04  2.57200E-04
   3.70821E-01  5.71098E-04  3.95100E-04
   6.70956E-01  7.64082E-04  7.14300E-04
   4.70653E+00  7.86935E-03  5.00000E-03
   9.42222E+00  1.62059E-02  1.00000E-02
   1.41439E+01  2.93320E-02  1.50000E-02
   1.88705E+01  4.52964E-02  2.00000E-02
   2.36015E+01  6.35923E-02  2.50000E-02
   2.83363E+01  8.40158E-02  3.00000E-02
   3.30747E+01  1.06483E-01  3.50000E-02
   3.78165E+01  1.30973E-01  4.00000E-02
   4.25615E+01  1.57508E-01  4.50000E-02
   4.73095E+01  1.86135E-01  5.00000E-02
   5.20605E+01  2.16916E-01  5.50000E-02
   5.68144E+01  2.49931E-01  6.00000E-02
   6.15712E+01  2.85265E-01  6.50000E-02
   6.63308E+01  3.23012E-01  7.00000E-02
   7.10931E+01  3.63272E-01  7.50000E-02
   7.58583E+01  4.05507E-01  8.00000E-02
   9.51680E+01  7.04030E-01  1.00000E-01
   1.14370E+02  1.04790E+00  1.20000E-01
   1.33650E+02  1.55670E+00  1.40000E-01
   1.53010E+02  2.30340E+00  1.60000E-01
   1.72480E+02  3.35030E+00  1.80000E-01
   1.92090E+02  4.75600E+00  2.00000E-01
   2.11860E+02  6.57530E+00  2.20000E-01
   2.31810E+02  8.86030E+00  2.40000E-01
   2.51980E+02  1.16610E+01  2.60000E-01
   2.72380E+02  1.50230E+01  2.80000E-01
   2.93050E+02  1.89880E+01  3.00000E-01
   3.14000E+02  2.35930E+01  3.20000E-01
   3.35250E+02  2.88630E+01  3.40000E-01
   3.56840E+02  3.48140E+01  3.60000E-01
   3.78780E+02  4.14510E+01  3.80000E-01
   4.01080E+02  4.87650E+01  4.00000E-01
   4.23770E+02  5.67420E+01  4.20000E-01
   4.46850E+02  6.53560E+01  4.40000E-01
   4.70330E+02  7.45780E+01  4.60000E-01
   4.94230E+02  8.43740E+01  4.80000E-01
   5.18550E+02  9.47100E+01  5.00000E-01
   5.43290E+02  1.05550E+02  5.20000E-01
   5.68460E+02  1.16860E+02  5.40000E-01
   5.94060E+02  1.28620E+02  5.60000E-01
   6.20080E+02  1.40780E+02  5.80000E-01
   6.46530E+02  1.53330E+02  6.00000E-01
   6.73410E+02  1.66240E+02  6.20000E-01
   7.00700E+02  1.79480E+02  6.40000E-01
   7.28420E+02  1.93040E+02  6.60000E-01
   7.56550E+02  2.06890E+02  6.80000E-01
   7.85090E+02  2.21020E+02  7.00000E-01
   8.14040E+02  2.35410E+02  7.20000E-01
   8.43390E+02  2.50050E+02  7.40000E-01
   8.43390E+02  2.50050E+02  7.60000E-01
   8.43390E+02  2.50050E+02  7.80000E-01
   8.43390E+02  2.50050E+02  8.00000E-01
   8.43390E+02  2.50050E+02  8.20000E-01
   8.43390E+02  2.50050E+02  8.40000E-01
   8.43390E+02  2.50050E+02  8.60000E-01
   8.43390E+02  2.50050E+02  8.80000E-01
   8.43390E+02  2.50050E+02  9.00000E-01
   8.43390E+02  2.50050E+02  9.20000E-01
   8.43390E+02  2.50050E+02  9.40000E-01
   8.43390E+02  2.50050E+02  9.60000E-01
   8.43390E+02  2.50050E+02  9.80000E-01
   8.43390E+02  2.50050E+02  1.00000E+00
   8.43390E+02  2.50050E+02  1.02000E+00
   8.43390E+02  2.50050E+02  1.04000E+00
   8.43390E+02  2.50050E+02  1.06000E+00
   8.43390E+02  2.50050E+02  1.08000E+00
   8.43390E+02  2.50050E+02  1.10000E+00
   8.43390E+02  2.50050E+02  1.12000E+00
   8.43390E+02  2.50050E+02  1.14000E+00
   8.43390E+02  2.50050E+02  1.16000E+00
   8.43390E+02  2.50050E+02  1.18000E+00
   8.43390E+02  2.50050E+02  1.20000E+00
   8.43390E+02  2.50050E+02  1.22000E+00
   8.43390E+02  2.50050E+02  1.24000E+00
   8.43390E+02  2.50050E+02  1.26000E+00
   8.43390E+02  2.50050E+02  1.28000E+00
   8.43390E+02  2.50050E+02  1.30000E+00
   8.43390E+02  2.50050E+02  1.32000E+00
   8.43390E+02  2.50050E+02  1.34000E+00
   8.43390E+02  2.50050E+02  1.36000E+00
   8.43390E+02  2.50050E+02  1.38000E+00
   8.43390E+02  2.50050E+02  1.40000E+00
   8.43390E+02  2.50050E+02  1.42000E+00
   8.43390E+02  2.50050E+02  1.44000E+00
   8.43390E+02  2.50050E+02  1.46000E+00
   8.43390E+02  2.50050E+02  1.48000E+00
   8.43390E+02  2.50050E+02  1.50000E+00
   8.43390E+02  2.50050E+02  1.52000E+00
   8.43390E+02  2.50050E+02  1.54000E+00
   8.43390E+02  2.50050E+02  1.56000E+00
   8.43390E+02  2.50050E+02  1.58000E+00
   8.43390E+02  2.50050E+02  1.60000E+00
   8.43390E+02  2.50050E+02  1.62000E+00
   8.43390E+02  2.50050E+02  1.64000E+00
   2.24330E+03  2.67440E+02  1.66000E+00
   2.27370E+03  2.77420E+02  1.68000E+00
   2.30410E+03  2.87450E+02  1.70000E+00
   2.33460E+03  2.97510E+02  1.72000E+00
   2.36530E+03  3.07620E+02  1.74000E+00
   2.39610E+03  3.17760E+02  1.76000E+00
   2.42700E+03  3.27940E+02  1.78000E+00
   2.45800E+03  3.38170E+02  1.80000E+00
   2.48910E+03  3.48430E+02  1.82000E+00
   2.52030E+03  3.58720E+02  1.84000E+00
   2.55170E+03  3.69060E+02  1.86000E+00
   2.58310E+03  3.79430E+02  1.88000E+00
   2.61470E+03  3.89840E+02  1.90000E+00
   2.64640E+03  4.00290E+02  1.92000E+00
   2.67820E+03  4.10770E+02  1.94000E+00
   2.71010E+03  4.21290E+02  1.96000E+00
   2.74210E+03  4.31850E+02  1.98000E+00
   2.77420E+03  4.42440E+02  2.00000E+00
   2.80640E+03  4.53070E+02  2.02000E+00
   2.83870E+03  4.63740E+02  2.04000E+00
   2.87120E+03  4.74440E+02  2.06000E+00
   2.90370E+03  4.85170E+02  2.08000E+00
   2.93630E+03  4.95940E+02  2.10000E+00
   2.96910E+03  5.06740E+02  2.12000E+00
   3.00190E+03  5.17580E+02  2.14000E+00
   3.03480E+03  5.28450E+02  2.16000E+00
   3.06790E+03  5.39360E+02  2.18000E+00
   3.10100E+03  5.50300E+02  2.20000E+00
   3.13430E+03  5.61270E+02  2.22000E+00
   3.16760E+03  5.72280E+02  2.24000E+00
   3.20110E+03  5.83320E+02  2.26000E+00
   3.23460E+03  5.94390E+02  2.28000E+00
   3.26820E+03  6.05500E+02  2.30000E+00
   3.30200E+03  6.16630E+02  2.32000E+00
   3.33580E+03  6.27800E+02  2.34000E+00
   3.36970E+03  6.39010E+02  2.36000E+00
   3.40370E+03  6.50240E+02  2.38000E+00
   3.43780E+03  6.61510E+02  2.40000E+00
   3.47200E+03  6.72800E+02  2.42000E+00
   3.50630E+03  6.84120E+02  2.44000E+00
   3.54070E+03  6.95490E+02  2.46000E+00
   3.57520E+03  7.06880E+02  2.48000E+00
   3.60980E+03  7.18300E+02  2.50000E+00
   3.64450E+03  7.29750E+02  2.52000E+00
   3.67920E+03  7.41240E+02  2.54000E+00
   3.71410E+03  7.52750E+02  2.56000E+00
   3.74900E+03  7.64300E+02  2.58000E+00
   3.78400E+03  7.75870E+02  2.60000E+00
   3.81920E+03  7.87480E+02  2.62000E+00
   3.85440E+03  7.99110E+02  2.64000E+00
   3.88970E+03  8.10780E+02  2.66000E+00
   3.92510E+03  8.22470E+02  2.68000E+00
   3.96050E+03  8.34190E+02  2.70000E+00
   3.99610E+03  8.45950E+02  2.72000E+00
   4.03170E+03  8.57730E+02  2.74000E+00
   4.06750E+03  8.69540E+02  2.76000E+00
   4.10330E+03  8.81380E+02  2.78000E+00
   4.13920E+03  8.93250E+02  2.80000E+00
   4.17520E+03  9.05140E+02  2.82000E+00
   4.21120E+03  9.17070E+02  2.84000E+00
   4.24740E+03  9.29020E+02  2.86000E+00
   4.28360E+03  9.41000E+02  2.88000E+00
   4.32000E+03  9.53010E+02  2.90000E+00
   4.35640E+03  9.65050E+02  2.92000E+00
   4.39290E+03  9.77120E+02  2.94000E+00
   4.42940E+03  9.89210E+02  2.96000E+00
   4.46610E+03  1.00130E+03  2.98000E+00
