1.463823124162572792e-08 3.102389459580170364e-14 1.580999910000000098e-11 0.000000000000000000e+00
3.677422856185797306e-08 1.518088365341670710e-13 3.972000160000000050e-11 0.000000000000000000e+00
9.234033139794552963e-08 7.187695355069227649e-13 9.975999889999999595e-11 0.000000000000000000e+00
2.320232291201429640e-07 3.288521594461813674e-12 2.506000130000000197e-10 0.000000000000000000e+00
5.828494618133096124e-07 1.447521181330951529e-11 6.293999769999999988e-10 0.000000000000000000e+00
1.463823168825368642e-06 6.091782146047344008e-11 1.581000000000000021e-09 0.000000000000000000e+00
3.677981308619920270e-06 2.442273403305047010e-10 3.972000059999999786e-09 0.000000000000000000e+00
4.629857056721752111e-06 3.284166971862438910e-10 4.999999969999999764e-09 0.000000000000000000e+00
9.239615464493077993e-06 8.961255214381420911e-10 9.975999579999999662e-09 0.000000000000000000e+00
1.843456900401965569e-05 2.393590877623939815e-09 1.989999990000000115e-08 0.000000000000000000e+00
3.678539627065654838e-05 6.282268680214382439e-09 3.971999970000000254e-08 0.000000000000000000e+00
7.341447376060741706e-05 1.626172364895042598e-08 7.924000299999999781e-08 0.000000000000000000e+00
1.464939649397052417e-04 4.169048503796338524e-08 1.580999939999999977e-07 0.000000000000000000e+00
1.844573537293434909e-04 5.456677043322912348e-08 1.989999989999999916e-07 0.000000000000000000e+00
2.923738119696293511e-04 1.017273328494863864e-07 3.154999889999999993e-07 0.000000000000000000e+00
4.634323291648058223e-04 1.891581118803037242e-07 4.999999989999999737e-07 0.000000000000000000e+00
5.834077579276462965e-04 2.578494796784279277e-07 6.294000059999999799e-07 0.000000000000000000e+00
7.347029790084859879e-04 3.144819138008040052e-07 7.923999869999999809e-07 0.000000000000000000e+00
9.250781498436802920e-04 4.283943847699866793e-07 9.975999549999999288e-07 0.000000000000000000e+00
1.466056319785618862e-03 7.943278405538188799e-07 1.580999989999999946e-06 0.000000000000000000e+00
2.324698425636444968e-03 1.471304108977222201e-06 2.506000100000000171e-06 0.000000000000000000e+00
3.685239057615007259e-03 2.723983865564984854e-06 3.971999829999999852e-06 0.000000000000000000e+00
4.640464481911568337e-03 3.535730247878517598e-06 4.999999870000000149e-06 0.000000000000000000e+00
5.839660551585529845e-03 4.809736322018758524e-06 6.293999829999999812e-06 0.000000000000000000e+00
7.358195734702993422e-03 6.544551317552480094e-06 7.923999869999999598e-06 0.000000000000000000e+00
9.306990174184903708e-03 8.942340665475660184e-06 9.976000000000000709e-06 0.000000000000000000e+00
2.947494082179544922e-02 3.736260049129075817e-05 3.155000000000000117e-05 0.000000000000000000e+00
9.335039973202324814e-02 1.626900066994193964e-04 9.975999999999999354e-05 0.000000000000000000e+00
1.481039973202322724e-01 2.805000334970970109e-04 1.580999999999999940e-04 0.000000000000000000e+00
2.411739169271996941e-01 4.903139906208129522e-04 2.572000099999999776e-04 0.000000000000000000e+00
3.708209915140688318e-01 5.710979901741849519e-04 3.951000100000000227e-04 0.000000000000000000e+00
6.709560183117463383e-01 7.640819897275570767e-04 7.143000299999999496e-04 0.000000000000000000e+00
4.706526786511836313e+00 7.869347722197411743e-03 5.000000010000000064e-03 0.000000000000000000e+00
9.422220332737829551e+00 1.620586400178651229e-02 1.000000000000000021e-02 0.000000000000000000e+00
1.414388912460920267e+01 2.933204857079053582e-02 1.499999999999999944e-02 0.000000000000000000e+00
1.887051362215274963e+01 4.529641849039750534e-02 2.000000000000000042e-02 0.000000000000000000e+00
2.360145879857079620e+01 6.359230560518089326e-02 2.500000000000000139e-02 0.000000000000000000e+00
2.833629466279589693e+01 8.401581487271105042e-02 2.999999999999999889e-02 0.000000000000000000e+00
3.307471516301921355e+01 1.064825635328271736e-01 3.500000000000000333e-02 0.000000000000000000e+00
3.781649609200536588e+01 1.309732257704332437e-01 4.000000000000000083e-02 0.000000000000000000e+00
4.256147007592676346e+01 1.575083407771326882e-01 4.499999999999999833e-02 0.000000000000000000e+00
4.730951105404199097e+01 1.861345366234926357e-01 5.000000000000000278e-02 0.000000000000000000e+00
5.206052411790979306e+01 2.169163287181778144e-01 5.500000000000000028e-02 0.000000000000000000e+00
5.681443791871371474e+01 2.499309569004020126e-01 5.999999999999999778e-02 0.000000000000000000e+00
6.157120031263958282e+01 2.852650312639571362e-01 6.500000000000000222e-02 0.000000000000000000e+00
6.633077378293882020e+01 3.230122822688700768e-01 7.000000000000000666e-02 0.000000000000000000e+00
7.109313331844575146e+01 3.632720299240733142e-01 7.499999999999999722e-02 0.000000000000000000e+00
7.398067161533246860e+01 4.904199544269862154e-01 8.637374860956617550e-02 0.000000000000000000e+00
8.968553242158057515e+01 7.554277197298682189e-01 1.045606229143492688e-01 0.000000000000000000e+00
1.054496591460809611e+02 1.169834937097709471e+00 1.227474972191323621e-01 0.000000000000000000e+00
1.212870113974109216e+02 1.748843814019783949e+00 1.409343715239154693e-01 0.000000000000000000e+00
1.372112947168364201e+02 2.514963309197522534e+00 1.591212458286985210e-01 0.000000000000000000e+00
1.532352631267174559e+02 3.492731834775360422e+00 1.773081201334816281e-01 0.000000000000000000e+00
1.693718122338709406e+02 4.705490000546840079e+00 1.954949944382647353e-01 0.000000000000000000e+00
1.856333477494909800e+02 6.173583698421722055e+00 2.136818687430477870e-01 0.000000000000000000e+00
2.020316874989659937e+02 7.913608664607687082e+00 2.318687430478308942e-01 0.000000000000000000e+00
2.185781667134809254e+02 9.938281982554002525e+00 2.500556173526140014e-01 0.000000000000000000e+00
2.352828576577048523e+02 1.225660987470964436e+01 2.682424916573970530e-01 0.000000000000000000e+00
2.521555275174627866e+02 1.487424245422536728e+01 2.864293659621801602e-01 0.000000000000000000e+00
2.692042444858266208e+02 1.779390237926094898e+01 3.046162402669632674e-01 0.000000000000000000e+00
2.864370523561932487e+02 2.101579975578129122e+01 3.228031145717463191e-01 0.000000000000000000e+00
3.038600675940722908e+02 2.453804221974855082e+01 3.409899888765294262e-01 0.000000000000000000e+00
3.214796690963091805e+02 2.835701439628764930e+01 3.591768631813125334e-01 0.000000000000000000e+00
3.393002273717616504e+02 3.246769689907750944e+01 3.773637374860955851e-01 0.000000000000000000e+00
3.573266192408861457e+02 3.686395582599686804e+01 3.955506117908786923e-01 0.000000000000000000e+00
3.755617275054730726e+02 4.153879649147989994e+01 4.137374860956617995e-01 0.000000000000000000e+00
3.940091266361124553e+02 4.648456475327130732e+01 4.319243604004448511e-01 0.000000000000000000e+00
4.126704707738132356e+02 5.169312607099379875e+01 4.501112347052279583e-01 0.000000000000000000e+00
4.315482329060951088e+02 5.715601972137421427e+01 4.682981090100110655e-01 0.000000000000000000e+00
4.506430743922612692e+02 6.286457498973656755e+01 4.864849833147941172e-01 0.000000000000000000e+00
4.699565525488273465e+02 6.881001467603995536e+01 5.046718576195772243e-01 0.000000000000000000e+00
4.894885399798531580e+02 7.498354372922800337e+01 5.228587319243603870e-01 0.000000000000000000e+00
5.092398423220016070e+02 8.137641130015403235e+01 5.410456062291434387e-01 0.000000000000000000e+00
5.292097151100798555e+02 8.797996696792239391e+01 5.592324805339266014e-01 0.000000000000000000e+00
5.493983530124498884e+02 9.478570884775635363e+01 5.774193548387096531e-01 0.000000000000000000e+00
5.698045363301823727e+02 1.017853130244702129e+02 5.956062291434927047e-01 0.000000000000000000e+00
5.904279677619967970e+02 1.089706613531497368e+02 6.137931034482758674e-01 0.000000000000000000e+00
6.112670679056701601e+02 1.163338653089060699e+02 6.319799777530589191e-01 0.000000000000000000e+00
6.323211469362787511e+02 1.238672764231043431e+02 6.501668520578419708e-01 0.000000000000000000e+00
6.535883592554533834e+02 1.315634974512897770e+02 6.683537263626251335e-01 0.000000000000000000e+00
6.750677048985427291e+02 1.394153920469219372e+02 6.865406006674081851e-01 0.000000000000000000e+00
6.967571472217620112e+02 1.474160845099783614e+02 7.047274749721912368e-01 0.000000000000000000e+00
7.186554441996153173e+02 1.555589615155875265e+02 7.229143492769743995e-01 0.000000000000000000e+00
7.407604280747699477e+02 1.638376737262369147e+02 7.411012235817574512e-01 0.000000000000000000e+00
7.630706707069842878e+02 1.722461298409361632e+02 7.592880978865405028e-01 0.000000000000000000e+00
7.855839208953917705e+02 1.807784931900575032e+02 7.774749721913236655e-01 0.000000000000000000e+00
8.082986102102205450e+02 1.894291789723859836e+02 7.956618464961067172e-01 0.000000000000000000e+00
8.312124416765898332e+02 1.981928455418921544e+02 8.138487208008897689e-01 0.000000000000000000e+00
8.543237440010389037e+02 2.070643884385562501e+02 8.320355951056729316e-01 0.000000000000000000e+00
8.776302040082113081e+02 2.160389354298191336e+02 8.502224694104559832e-01 0.000000000000000000e+00
9.011300781238138597e+02 2.251118367484412204e+02 8.684093437152390349e-01 0.000000000000000000e+00
9.248210599590152015e+02 2.342786580596271335e+02 8.865962180200221976e-01 0.000000000000000000e+00
9.487013584668826525e+02 2.435351745852560441e+02 9.047830923248052493e-01 0.000000000000000000e+00
9.727686918630544142e+02 2.528773612710809005e+02 9.229699666295883009e-01 0.000000000000000000e+00
9.970212417291569409e+02 2.623013855342457532e+02 9.411568409343714636e-01 0.000000000000000000e+00
1.021456764399077883e+03 2.718036012207499539e+02 9.593437152391545153e-01 0.000000000000000000e+00
1.046073430332470252e+03 2.813805392094299123e+02 9.775305895439376780e-01 0.000000000000000000e+00
1.070869044173381326e+03 2.910289004307425671e+02 9.957174638487207297e-01 0.000000000000000000e+00
1.095841778193485197e+03 3.007455500439658067e+02 1.013904338153503781e+00 0.000000000000000000e+00
1.120989492853552747e+03 3.105275087512657706e+02 1.032091212458286833e+00 0.000000000000000000e+00
1.146310372693300678e+03 3.203719463190919896e+02 1.050278086763069885e+00 0.000000000000000000e+00
1.171802339222679848e+03 3.302761761941371219e+02 1.068464961067853158e+00 0.000000000000000000e+00
1.197463597451487203e+03 3.402376476180770624e+02 1.086651835372636210e+00 0.000000000000000000e+00
1.223292133500564660e+03 3.502539397715713108e+02 1.104838709677419262e+00 0.000000000000000000e+00
1.249286179295834017e+03 3.603227569003913118e+02 1.123025583982202313e+00 0.000000000000000000e+00
1.275443787767418371e+03 3.704419212686917717e+02 1.141212458286985365e+00 0.000000000000000000e+00
1.301763222724601519e+03 3.806093679248996295e+02 1.159399332591768417e+00 0.000000000000000000e+00
1.328242605036159603e+03 3.908231403882833206e+02 1.177586206896551690e+00 0.000000000000000000e+00
1.354880234155721610e+03 4.010813843842933011e+02 1.195773081201334742e+00 0.000000000000000000e+00
1.381674299118597901e+03 4.113823432328484273e+02 1.213959955506117794e+00 0.000000000000000000e+00
1.408623137832992143e+03 4.217243540597273750e+02 1.232146829810900845e+00 0.000000000000000000e+00
1.435725007089159362e+03 4.321058422700576784e+02 1.250333704115683897e+00 0.000000000000000000e+00
1.462978285240840023e+03 4.425253175128037242e+02 1.268520578420467171e+00 0.000000000000000000e+00
1.490381295895372205e+03 4.529813703829476026e+02 1.286707452725250223e+00 0.000000000000000000e+00
1.517932459188768235e+03 4.634726675618257445e+02 1.304894327030033274e+00 0.000000000000000000e+00
1.545630164207715552e+03 4.739979483061204633e+02 1.323081201334816326e+00 0.000000000000000000e+00
1.573472873664776898e+03 4.845560215957265200e+02 1.341268075639599378e+00 0.000000000000000000e+00
1.601459040560660924e+03 4.951457618730797208e+02 1.359454949944382429e+00 0.000000000000000000e+00
1.629587170515861089e+03 5.057661059973362399e+02 1.377641824249165703e+00 0.000000000000000000e+00
1.657855778565784249e+03 5.164160507955949697e+02 1.395828698553948755e+00 0.000000000000000000e+00
1.686263413295429018e+03 5.270946493240322752e+02 1.414015572858731806e+00 0.000000000000000000e+00
1.714808649859058278e+03 5.378010082427325642e+02 1.432202447163514858e+00 0.000000000000000000e+00
1.743490079439903866e+03 5.485342857127275238e+02 1.450389321468297910e+00 0.000000000000000000e+00
1.772306335273443665e+03 5.592936881289758730e+02 1.468576195773080961e+00 0.000000000000000000e+00
1.801256050655879562e+03 5.700784678541759831e+02 1.486763070077864235e+00 0.000000000000000000e+00
1.830337914720546223e+03 5.808879214235147401e+02 1.504949944382647287e+00 0.000000000000000000e+00
1.859550602222917405e+03 5.917213866871898063e+02 1.523136818687430338e+00 0.000000000000000000e+00
1.888892856049852071e+03 6.025782408594697017e+02 1.541323692992213390e+00 0.000000000000000000e+00
1.918363391685767283e+03 6.134578989916549290e+02 1.559510567296996442e+00 0.000000000000000000e+00
1.947961003514056756e+03 6.243598114720434751e+02 1.577697441601779493e+00 0.000000000000000000e+00
1.977684446756172292e+03 6.352834623476246634e+02 1.595884315906562767e+00 0.000000000000000000e+00
2.007532565302531793e+03 6.462283680315268839e+02 1.614071190211345819e+00 0.000000000000000000e+00
2.037504153073951329e+03 6.571940751096166196e+02 1.632258064516128870e+00 0.000000000000000000e+00
2.067598101323889750e+03 6.681801589059018625e+02 1.650444938820911922e+00 0.000000000000000000e+00
2.097813241675851714e+03 6.791862223874860547e+02 1.668631813125694974e+00 0.000000000000000000e+00
2.128148510663787874e+03 6.902118942385022820e+02 1.686818687430478025e+00 0.000000000000000000e+00
2.158602776492862631e+03 7.012568276387147534e+02 1.705005561735261299e+00 0.000000000000000000e+00
2.189175019016623537e+03 7.123206993295691518e+02 1.723192436040044351e+00 0.000000000000000000e+00
2.219864141866861701e+03 7.234032079384525105e+02 1.741379310344827402e+00 0.000000000000000000e+00
2.250669166295831019e+03 7.345040729191623541e+02 1.759566184649610454e+00 0.000000000000000000e+00
2.281589030249314419e+03 7.456230337808740387e+02 1.777753058954393506e+00 0.000000000000000000e+00
2.312622794484457245e+03 7.567598486056538150e+02 1.795939933259176557e+00 0.000000000000000000e+00
2.343769430178893799e+03 7.679142931462936303e+02 1.814126807563959831e+00 0.000000000000000000e+00
2.375028035766219091e+03 7.790861601858777021e+02 1.832313681868742883e+00 0.000000000000000000e+00
2.406397614498924213e+03 7.902752582251024478e+02 1.850500556173525935e+00 0.000000000000000000e+00
2.437877300771992395e+03 8.014814107242798400e+02 1.868687430478308986e+00 0.000000000000000000e+00
2.469466128814214244e+03 8.127044555561903962e+02 1.886874304783092038e+00 0.000000000000000000e+00
2.501163267278793228e+03 8.239442438672521121e+02 1.905061179087875312e+00 0.000000000000000000e+00
2.532967780348062661e+03 8.352006394103422053e+02 1.923248053392658363e+00 0.000000000000000000e+00
2.564878869289249451e+03 8.464735181156235058e+02 1.941434927697441415e+00 0.000000000000000000e+00
2.596895627150038763e+03 8.577627670652880170e+02 1.959621802002224467e+00 0.000000000000000000e+00
2.629017286377013079e+03 8.690682839420976507e+02 1.977808676307007518e+00 0.000000000000000000e+00
2.661242967765047979e+03 8.803899766640035978e+02 1.995995550611790570e+00 0.000000000000000000e+00
2.693571933473688659e+03 8.917277624846020672e+02 2.014182424916573844e+00 0.000000000000000000e+00
2.726003331068250191e+03 9.030815675318293643e+02 2.032369299221356673e+00 0.000000000000000000e+00
2.758536451067451253e+03 9.144513264976271785e+02 2.050556173526139503e+00 0.000000000000000000e+00
2.791170466715732800e+03 9.258369818524588482e+02 2.068743047830922777e+00 0.000000000000000000e+00
2.823904695563516270e+03 9.372384834469951329e+02 2.086929922135706050e+00 0.000000000000000000e+00
2.856738335706850194e+03 9.486557882665775878e+02 2.105116796440488880e+00 0.000000000000000000e+00
2.889670730374232789e+03 9.600888597324802731e+02 2.123303670745272154e+00 0.000000000000000000e+00
2.922701101564628061e+03 9.715376673694796636e+02 2.141490545050054983e+00 0.000000000000000000e+00
2.955828817092053669e+03 9.830021866057295483e+02 2.159677419354838257e+00 0.000000000000000000e+00
2.989053121877743251e+03 9.944823981520166853e+02 2.177864293659621531e+00 0.000000000000000000e+00
3.022373407115681857e+03 1.005978287725393329e+03 2.196051167964404360e+00 0.000000000000000000e+00
3.055788939871719776e+03 1.017489845893675465e+03 2.214238042269187634e+00 0.000000000000000000e+00
3.089299133649360556e+03 1.029017067518256908e+03 2.232424916573970464e+00 0.000000000000000000e+00
3.122903276804631332e+03 1.040559951523651080e+03 2.250611790878753737e+00 0.000000000000000000e+00
3.156600804100879486e+03 1.052118500782455612e+03 2.268798665183536567e+00 0.000000000000000000e+00
3.190391024374977405e+03 1.063692721616258041e+03 2.286985539488319841e+00 0.000000000000000000e+00
3.224273392653225528e+03 1.075282623602792228e+03 2.305172413793103114e+00 0.000000000000000000e+00
3.258247237511845924e+03 1.086888219494478562e+03 2.323359288097885944e+00 0.000000000000000000e+00
3.292312033345610416e+03 1.098509524764820071e+03 2.341546162402669218e+00 0.000000000000000000e+00
3.326467127646148128e+03 1.110146557466643344e+03 2.359733036707452047e+00 0.000000000000000000e+00
3.360712013286928595e+03 1.121799338150239691e+03 2.377919911012235321e+00 0.000000000000000000e+00
3.395046056017691171e+03 1.133467889483838007e+03 2.396106785317018595e+00 0.000000000000000000e+00
3.429468766297558886e+03 1.145152236118499559e+03 2.414293659621801424e+00 0.000000000000000000e+00
3.463979527481605146e+03 1.156852404645198021e+03 2.432480533926584698e+00 0.000000000000000000e+00
3.498577866832779819e+03 1.168568423244108544e+03 2.450667408231367528e+00 0.000000000000000000e+00
3.533263184590550736e+03 1.180300321575408134e+03 2.468854282536150802e+00 0.000000000000000000e+00
3.568035024083330882e+03 1.192048130769576574e+03 2.487041156840934075e+00 0.000000000000000000e+00
3.602892801864661578e+03 1.203811883084484634e+03 2.505228031145716905e+00 0.000000000000000000e+00
3.637836076541244893e+03 1.215591611847519289e+03 2.523414905450500179e+00 0.000000000000000000e+00
3.672864280315405267e+03 1.227387351440755765e+03 2.541601779755283008e+00 0.000000000000000000e+00
3.707976986471819146e+03 1.239199137003923624e+03 2.559788654060066282e+00 0.000000000000000000e+00
3.743173642311141521e+03 1.251027004380286144e+03 2.577975528364849112e+00 0.000000000000000000e+00
3.778453835061380232e+03 1.262870990124981063e+03 2.596162402669632385e+00 0.000000000000000000e+00
3.813817026578900823e+03 1.274731131231790641e+03 2.614349276974415659e+00 0.000000000000000000e+00
3.849262817446671761e+03 1.286607465100683385e+03 2.632536151279198489e+00 0.000000000000000000e+00
3.884790683521068331e+03 1.298500029546216638e+03 2.650723025583981762e+00 0.000000000000000000e+00
3.920400238151142275e+03 1.310408862559893350e+03 2.668909899888764592e+00 0.000000000000000000e+00
3.956090970685253978e+03 1.322334002283393147e+03 2.687096774193547866e+00 0.000000000000000000e+00
3.991862506656212190e+03 1.334275487028905900e+03 2.705283648498331139e+00 0.000000000000000000e+00
4.027714348476165924e+03 1.346233355061738848e+03 2.723470522803113969e+00 0.000000000000000000e+00
4.063646133252386335e+03 1.358207644592493580e+03 2.741657397107897243e+00 0.000000000000000000e+00
4.099657375954188865e+03 1.370198393788355133e+03 2.759844271412680072e+00 0.000000000000000000e+00
4.135747724880538954e+03 1.382205640595866726e+03 2.778031145717463346e+00 0.000000000000000000e+00
4.171916707101202519e+03 1.394229422721645051e+03 2.796218020022246176e+00 0.000000000000000000e+00
4.208163981560263892e+03 1.406269777669956284e+03 2.814404894327029449e+00 0.000000000000000000e+00
4.244489086967102594e+03 1.418326742563533344e+03 2.832591768631812723e+00 0.000000000000000000e+00
4.280891692460405466e+03 1.430400354148481711e+03 2.850778642936595553e+00 0.000000000000000000e+00
4.317371348008597124e+03 1.442490648827086261e+03 2.868965517241378826e+00 0.000000000000000000e+00
4.353927732567724888e+03 1.454597662496910516e+03 2.887152391546161656e+00 0.000000000000000000e+00
4.390560406907149627e+03 1.466721430559459122e+03 2.905339265850944930e+00 0.000000000000000000e+00
4.427269059330737946e+03 1.478861987964741957e+03 2.923526140155728203e+00 0.000000000000000000e+00
4.464053261123751327e+03 1.491019369057009953e+03 2.941713014460511033e+00 0.000000000000000000e+00
4.500912709540962169e+03 1.503193607587738825e+03 2.959899888765294307e+00 0.000000000000000000e+00
4.537846985927453716e+03 1.515384736772322640e+03 2.978086763070077136e+00 0.000000000000000000e+00
4.574855796156365614e+03 1.527592789133238284e+03 2.996273637374860410e+00 0.000000000000000000e+00
4.611938731320139595e+03 1.539817796539745132e+03 3.014460511679643684e+00 0.000000000000000000e+00
4.649095505516179401e+03 1.552059790239046379e+03 3.032647385984426514e+00 0.000000000000000000e+00
4.686325719264972577e+03 1.564318800736877620e+03 3.050834260289209787e+00 0.000000000000000000e+00
4.723629094562490536e+03 1.576594857822324229e+03 3.069021134593992617e+00 0.000000000000000000e+00
4.761005240970309387e+03 1.588887990608805467e+03 3.087208008898775891e+00 0.000000000000000000e+00
4.798453888104002544e+03 1.601198227422252103e+03 3.105394883203558720e+00 0.000000000000000000e+00
4.835974654275738430e+03 1.613525595833290026e+03 3.123581757508341994e+00 0.000000000000000000e+00
4.873567276423420481e+03 1.625870122694049087e+03 3.141768631813125268e+00 0.000000000000000000e+00
4.911231381279041670e+03 1.638231834035868815e+03 3.159955506117908097e+00 0.000000000000000000e+00
4.948966712785097116e+03 1.650610755107906925e+03 3.178142380422691371e+00 0.000000000000000000e+00
4.986772905872901902e+03 1.663006910409275406e+03 3.196329254727474201e+00 0.000000000000000000e+00
5.024649711175457014e+03 1.675420323602087137e+03 3.214516129032257474e+00 0.000000000000000000e+00
5.062596771492266271e+03 1.687851017537746657e+03 3.232703003337040748e+00 0.000000000000000000e+00
5.100613843973548683e+03 1.700299014306977142e+03 3.250889877641823578e+00 0.000000000000000000e+00
5.138700579086438665e+03 1.712764335149919134e+03 3.269076751946606851e+00 0.000000000000000000e+00
5.176856740091295251e+03 1.725247000486189336e+03 3.287263626251389681e+00 0.000000000000000000e+00
5.215081984878715957e+03 1.737747029964178410e+03 3.305450500556172955e+00 0.000000000000000000e+00
5.253376082642059373e+03 1.750264442378659396e+03 3.323637374860955784e+00 0.000000000000000000e+00
5.291738698439660766e+03 1.762799255697449553e+03 3.341824249165739058e+00 0.000000000000000000e+00
5.330169607214764255e+03 1.775351487119350850e+03 3.360011123470522332e+00 0.000000000000000000e+00
5.368668480937889399e+03 1.787921152988677250e+03 3.378197997775305161e+00 0.000000000000000000e+00
5.407235100022450752e+03 1.800508268836958678e+03 3.396384872080088435e+00 0.000000000000000000e+00
5.445869143192405318e+03 1.813112849412198102e+03 3.414571746384871265e+00 0.000000000000000000e+00
5.484570396106270891e+03 1.825734908631770395e+03 3.432758620689654538e+00 0.000000000000000000e+00
5.523338543962227050e+03 1.838374459599329384e+03 3.450945494994437812e+00 0.000000000000000000e+00
5.562173377519403402e+03 1.851031514654187731e+03 3.469132369299220642e+00 0.000000000000000000e+00
5.601074588312644664e+03 1.863706085309170930e+03 3.487319243604003915e+00 0.000000000000000000e+00
5.640041971966053097e+03 1.876398182277138403e+03 3.505506117908786745e+00 0.000000000000000000e+00
5.679075226053491861e+03 1.889107815522045939e+03 3.523692992213570019e+00 0.000000000000000000e+00
5.718174150987111716e+03 1.901834994201692325e+03 3.541879866518352848e+00 0.000000000000000000e+00
5.757338450218478101e+03 1.914579726684135267e+03 3.560066740823136122e+00 0.000000000000000000e+00
5.796567928688788015e+03 1.927342020612485157e+03 3.578253615127919396e+00 0.000000000000000000e+00
5.835862295548195107e+03 1.940121882835552015e+03 3.596440489432702226e+00 0.000000000000000000e+00
5.875221360154354443e+03 1.952919319435873604e+03 3.614627363737485499e+00 0.000000000000000000e+00
5.914644837150837702e+03 1.965734335793573791e+03 3.632814238042268329e+00 0.000000000000000000e+00
5.954132540148774751e+03 1.978566936510699861e+03 3.651001112347051603e+00 0.000000000000000000e+00
5.993684189198972490e+03 1.991417125452719347e+03 3.669187986651834876e+00 0.000000000000000000e+00
6.033299601927194999e+03 2.004284905793229200e+03 3.687374860956617706e+00 0.000000000000000000e+00
6.072978503581226505e+03 2.017170279962051836e+03 3.705561735261400980e+00 0.000000000000000000e+00
6.112720715737404134e+03 2.030073249674999261e+03 3.723748609566183809e+00 0.000000000000000000e+00
6.152525968711398491e+03 2.042993815977873737e+03 3.741935483870967083e+00 0.000000000000000000e+00
6.192394087820089226e+03 2.055931979197338478e+03 3.760122358175750357e+00 0.000000000000000000e+00
6.232324808304918406e+03 2.068887738968629947e+03 3.778309232480533186e+00 0.000000000000000000e+00
6.272317959165623506e+03 2.081861094289402899e+03 3.796496106785316460e+00 0.000000000000000000e+00
6.312373280355683164e+03 2.094852043458999560e+03 3.814682981090099290e+00 0.000000000000000000e+00
6.352490604433186490e+03 2.107860584114537232e+03 3.832869855394882563e+00 0.000000000000000000e+00
6.392669675972665573e+03 2.120886713281239736e+03 3.851056729699665393e+00 0.000000000000000000e+00
6.432910330937841536e+03 2.133930427308440358e+03 3.869243604004448667e+00 0.000000000000000000e+00
6.473212318387194500e+03 2.146991721923478508e+03 3.887430478309231940e+00 0.000000000000000000e+00
6.513575477539684471e+03 2.160070592248710909e+03 3.905617352614014770e+00 0.000000000000000000e+00
6.553999561819678092e+03 2.173167032779111651e+03 3.923804226918798044e+00 0.000000000000000000e+00
6.594484413698805838e+03 2.186281037396695865e+03 3.941991101223580873e+00 0.000000000000000000e+00
6.635029790765972393e+03 2.199412599422927087e+03 3.960177975528364147e+00 0.000000000000000000e+00
6.675635538568047195e+03 2.212561711565548649e+03 3.978364849833147421e+00 0.000000000000000000e+00
6.716301418852929601e+03 2.225728365958073482e+03 3.996551724137930250e+00 0.000000000000000000e+00
6.757027280096232971e+03 2.238912554191063009e+03 4.014738598442713524e+00 0.000000000000000000e+00
6.797812888055460462e+03 2.252114267273342648e+03 4.032925472747496798e+00 0.000000000000000000e+00
6.838658094081750278e+03 2.265333495667935040e+03 4.051112347052279183e+00 0.000000000000000000e+00
6.879562667822692674e+03 2.278570229324033789e+03 4.069299221357062457e+00 0.000000000000000000e+00
6.920526463405345567e+03 2.291824457637269916e+03 4.087486095661845731e+00 0.000000000000000000e+00
6.961549254287977419e+03 2.305096169479817036e+03 4.105672969966629005e+00 0.000000000000000000e+00
7.002630897274603740e+03 2.318385353239662891e+03 4.123859844271412278e+00 0.000000000000000000e+00
7.043771169499563257e+03 2.331691996780087720e+03 4.142046718576194664e+00 0.000000000000000000e+00
7.084969930368034511e+03 2.345016087468565274e+03 4.160233592880977938e+00 0.000000000000000000e+00
7.126226960606145440e+03 2.358357612211502328e+03 4.178420467185761211e+00 0.000000000000000000e+00
7.167542122132936129e+03 2.371716557423263566e+03 4.196607341490544485e+00 0.000000000000000000e+00
7.208915199182280048e+03 2.385092909045308716e+03 4.214794215795327759e+00 0.000000000000000000e+00
7.250346056075349225e+03 2.398486652586520904e+03 4.232981090100110144e+00 0.000000000000000000e+00
7.291834480458595863e+03 2.411897773084218898e+03 4.251167964404893418e+00 0.000000000000000000e+00
7.333380339044303582e+03 2.425326255141691490e+03 4.269354838709676692e+00 0.000000000000000000e+00
7.374983422750702630e+03 2.438772082941775807e+03 4.287541713014459965e+00 0.000000000000000000e+00
7.416643600596326905e+03 2.452235240235311721e+03 4.305728587319243239e+00 0.000000000000000000e+00
7.458360666728987781e+03 2.465715710350732024e+03 4.323915461624025625e+00 0.000000000000000000e+00
7.500134492396006863e+03 2.479213476235664530e+03 4.342102335928808898e+00 0.000000000000000000e+00
7.541964874876262911e+03 2.492728520418052995e+03 4.360289210233592172e+00 0.000000000000000000e+00
7.583851687560631035e+03 2.506260825036106780e+03 4.378476084538375446e+00 0.000000000000000000e+00
7.625794730799108947e+03 2.519810371871316875e+03 4.396662958843158719e+00 0.000000000000000000e+00
7.667793880077332688e+03 2.533377142306496353e+03 4.414849833147941105e+00 0.000000000000000000e+00
7.709848938702596570e+03 2.546961117367002771e+03 4.433036707452724379e+00 0.000000000000000000e+00
7.751959784248881078e+03 2.560562277736068154e+03 4.451223581757507652e+00 0.000000000000000000e+00
7.794126222862861141e+03 2.574180603728750611e+03 4.469410456062290926e+00 0.000000000000000000e+00
7.836348134134911561e+03 2.587816075323594760e+03 4.487597330367073312e+00 0.000000000000000000e+00
7.878625326994795614e+03 2.601468672180931662e+03 4.505784204671856585e+00 0.000000000000000000e+00
7.920957682966052744e+03 2.615138373617561683e+03 4.523971078976639859e+00 0.000000000000000000e+00
7.963345013789864424e+03 2.628825158630319947e+03 4.542157953281423133e+00 0.000000000000000000e+00
8.005787202829698799e+03 2.642529005928425704e+03 4.560344827586206407e+00 0.000000000000000000e+00
8.048284064483577822e+03 2.656249893897232596e+03 4.578531701890988792e+00 0.000000000000000000e+00
8.090835483969312918e+03 2.669987800623744988e+03 4.596718576195772066e+00 0.000000000000000000e+00
8.133441278299746045e+03 2.683742703929382060e+03 4.614905450500555339e+00 0.000000000000000000e+00
8.176101334478908029e+03 2.697514581332764465e+03 4.633092324805338613e+00 0.000000000000000000e+00
8.218815472023632537e+03 2.711303410075852753e+03 4.651279199110121887e+00 0.000000000000000000e+00
8.261583579678030219e+03 2.725109167154372244e+03 4.669466073414904272e+00 0.000000000000000000e+00
8.304405479438266411e+03 2.738931829283455045e+03 4.687652947719687546e+00 0.000000000000000000e+00
8.347281061751502421e+03 2.752771372928208166e+03 4.705839822024470820e+00 0.000000000000000000e+00
8.390210151058927295e+03 2.766627774317220883e+03 4.724026696329254094e+00 0.000000000000000000e+00
8.433192639417095052e+03 2.780501009424022868e+03 4.742213570634037367e+00 0.000000000000000000e+00
8.476228353647256881e+03 2.794391053991515946e+03 4.760400444938819753e+00 0.000000000000000000e+00
8.519317187370708780e+03 2.808297883544361866e+03 4.778587319243603027e+00 0.000000000000000000e+00
8.562458969771265402e+03 2.822221473371161665e+03 4.796774193548386300e+00 0.000000000000000000e+00
8.605653596011125046e+03 2.836161798549885134e+03 4.814961067853169574e+00 0.000000000000000000e+00
8.648900897479707055e+03 2.850118833961312248e+03 4.833147942157952848e+00 0.000000000000000000e+00
8.692200770902423756e+03 2.864092554263500006e+03 4.851334816462735233e+00 0.000000000000000000e+00
8.735553049882639243e+03 2.878082933926185433e+03 4.869521690767518507e+00 0.000000000000000000e+00
8.778957632584873863e+03 2.892089947235020645e+03 4.887708565072301781e+00 0.000000000000000000e+00
8.822414354826652925e+03 2.906113568279194624e+03 4.905895439377085054e+00 0.000000000000000000e+00
8.865923116152300281e+03 2.920153770964173873e+03 4.924082313681868328e+00 0.000000000000000000e+00
8.909483754534052423e+03 2.934210529040962228e+03 4.942269187986650714e+00 0.000000000000000000e+00
8.953096170889244604e+03 2.948283816073322669e+03 4.960456062291433987e+00 0.000000000000000000e+00
8.996760205228805717e+03 2.962373605463187687e+03 4.978642936596217261e+00 0.000000000000000000e+00
9.040475759861763436e+03 2.976479870465462227e+03 4.996829810901000535e+00 0.000000000000000000e+00
9.084242676880245199e+03 2.990602584175839638e+03 5.015016685205782920e+00 0.000000000000000000e+00
9.128060859803215862e+03 3.004741719531651142e+03 5.033203559510566194e+00 0.000000000000000000e+00
9.171930152748747787e+03 3.018897249353035022e+03 5.051390433815349468e+00 0.000000000000000000e+00
9.215850460566451147e+03 3.033069146301396358e+03 5.069577308120132741e+00 0.000000000000000000e+00
9.259821629257510722e+03 3.047257382907525425e+03 5.087764182424916015e+00 0.000000000000000000e+00
9.303843564953003806e+03 3.061461931590098175e+03 5.105951056729698401e+00 0.000000000000000000e+00
9.347916115581581835e+03 3.075682764627895267e+03 5.124137931034481674e+00 0.000000000000000000e+00
9.392039188447099150e+03 3.089919854186048269e+03 5.142324805339264948e+00 0.000000000000000000e+00
9.436212633386605376e+03 3.104173172328207784e+03 5.160511679644048222e+00 0.000000000000000000e+00
9.480436358852784906e+03 3.118442690992034386e+03 5.178698553948831496e+00 0.000000000000000000e+00
9.524710216552277416e+03 3.132728382016690375e+03 5.196885428253613881e+00 0.000000000000000000e+00
9.569034116107424779e+03 3.147030217150796943e+03 5.215072302558397155e+00 0.000000000000000000e+00
9.613407910948028075e+03 3.161348168036169227e+03 5.233259176863180429e+00 0.000000000000000000e+00
9.657831511873944692e+03 3.175682206222814784e+03 5.251446051167963702e+00 0.000000000000000000e+00
9.702304774088026534e+03 3.190032303186831541e+03 5.269632925472746976e+00 0.000000000000000000e+00
9.746827609498559468e+03 3.204398430305700913e+03 5.287819799777529362e+00 0.000000000000000000e+00
9.791399874922497474e+03 3.218780558885705432e+03 5.306006674082312635e+00 0.000000000000000000e+00
9.836021483455842827e+03 3.233178660160170239e+03 5.324193548387095909e+00 0.000000000000000000e+00
9.880692293607506144e+03 3.247592705287551780e+03 5.342380422691879183e+00 0.000000000000000000e+00
9.925412219498317427e+03 3.262022665357481856e+03 5.360567296996662456e+00 0.000000000000000000e+00
9.970181121261241060e+03 3.276468511402499189e+03 5.378754171301444842e+00 0.000000000000000000e+00
1.001499891403498623e+04 3.290930214389817138e+03 5.396941045606228116e+00 0.000000000000000000e+00
1.005986545963275239e+04 3.305407745229723332e+03 5.415127919911011389e+00 0.000000000000000000e+00
1.010478067421483502e+04 3.319901074790709572e+03 5.433314794215794663e+00 0.000000000000000000e+00
1.014974442113703844e+04 3.334410173880817638e+03 5.451501668520577937e+00 0.000000000000000000e+00
1.019475661752620908e+04 3.348935013261017048e+03 5.469688542825360322e+00 0.000000000000000000e+00
1.023981712835916187e+04 3.363475563666691414e+03 5.487875417130143596e+00 0.000000000000000000e+00
1.028492587168226055e+04 3.378031795773208614e+03 5.506062291434926870e+00 0.000000000000000000e+00
1.033008271399418300e+04 3.392603680234760759e+03 5.524249165739710143e+00 0.000000000000000000e+00
1.037528757431189297e+04 3.407191187670766794e+03 5.542436040044492529e+00 0.000000000000000000e+00
1.042054032063518207e+04 3.421794288668957961e+03 5.560622914349275803e+00 0.000000000000000000e+00
1.046584087287324110e+04 3.436412953788368213e+03 5.578809788654059076e+00 0.000000000000000000e+00
1.051118910045794291e+04 3.451047153575164884e+03 5.596996662958842350e+00 0.000000000000000000e+00
1.055658492430439401e+04 3.465696858544486531e+03 5.615183537263625624e+00 0.000000000000000000e+00
1.060202821526356820e+04 3.480362039198082130e+03 5.633370411568408009e+00 0.000000000000000000e+00
1.064751889506622865e+04 3.495042666027067298e+03 5.651557285873191283e+00 0.000000000000000000e+00
1.069305683606077400e+04 3.509738709508282227e+03 5.669744160177974557e+00 0.000000000000000000e+00
1.073864196079599787e+04 3.524450140105300306e+03 5.687931034482757831e+00 0.000000000000000000e+00
1.078427414297170617e+04 3.539176928285018676e+03 5.706117908787541104e+00 0.000000000000000000e+00
1.082995330607957476e+04 3.553919044502137240e+03 5.724304783092323490e+00 0.000000000000000000e+00
1.087567932511280014e+04 3.568676459213722410e+03 5.742491657397106763e+00 0.000000000000000000e+00
1.092145212441090916e+04 3.583449142883336208e+03 5.760678531701890037e+00 0.000000000000000000e+00
1.096727158030970713e+04 3.598237065972383334e+03 5.778865406006673311e+00 0.000000000000000000e+00
1.101313761798952874e+04 3.613040198949807291e+03 5.797052280311456585e+00 0.000000000000000000e+00
1.105905011504357572e+04 3.627858512296443678e+03 5.815239154616238970e+00 0.000000000000000000e+00
1.110500899746938740e+04 3.642691976502754187e+03 5.833426028921022244e+00 0.000000000000000000e+00
1.115101414419280809e+04 3.657540562069253610e+03 5.851612903225805518e+00 0.000000000000000000e+00
1.119706548200758698e+04 3.672404239522315038e+03 5.869799777530588791e+00 0.000000000000000000e+00
1.124316289107429657e+04 3.687282979395970415e+03 5.887986651835372065e+00 0.000000000000000000e+00
1.128930629891321041e+04 3.702176752246735305e+03 5.906173526140154451e+00 0.000000000000000000e+00
1.133549558690016784e+04 3.717085528663015339e+03 5.924360400444937724e+00 0.000000000000000000e+00
1.138173068341886028e+04 3.732009279242168759e+03 5.942547274749720998e+00 0.000000000000000000e+00
1.142801147107009092e+04 3.746947974615425665e+03 5.960734149054504272e+00 0.000000000000000000e+00
1.147433787892258079e+04 3.761901585450026687e+03 5.978921023359287545e+00 0.000000000000000000e+00
1.152070979075410105e+04 3.776870082430004459e+03 5.997107897664069931e+00 0.000000000000000000e+00
1.156712713639551839e+04 3.791853436274755040e+03 6.015294771968853205e+00 0.000000000000000000e+00
1.161358980079075263e+04 3.806851617751022332e+03 6.033481646273636478e+00 0.000000000000000000e+00
1.166009771455878581e+04 3.821864597641796081e+03 6.051668520578419752e+00 0.000000000000000000e+00
1.170665076372199655e+04 3.836892346779736272e+03 6.069855394883202138e+00 0.000000000000000000e+00
1.175324887956642851e+04 3.851934836036153229e+03 6.088042269187985411e+00 0.000000000000000000e+00
1.179989194931269412e+04 3.866992036319335057e+03 6.106229143492768685e+00 0.000000000000000000e+00
1.184657990497144056e+04 3.882063918577840468e+03 6.124416017797551959e+00 0.000000000000000000e+00
1.189331263484163355e+04 3.897150453817202106e+03 6.142602892102335232e+00 0.000000000000000000e+00
1.194009007162875241e+04 3.912251613074242869e+03 6.160789766407117618e+00 0.000000000000000000e+00
1.198691210469380349e+04 3.927367367439829195e+03 6.178976640711900892e+00 0.000000000000000000e+00
1.203377866741543221e+04 3.942497688055789695e+03 6.197163515016684165e+00 0.000000000000000000e+00
1.208068965028321327e+04 3.957642546109980685e+03 6.215350389321467439e+00 0.000000000000000000e+00
1.212764498729774459e+04 3.972801912839375291e+03 6.233537263626250713e+00 0.000000000000000000e+00
1.217464456997899106e+04 3.987975759548299266e+03 6.251724137931033098e+00 0.000000000000000000e+00
1.222168833302926396e+04 4.003164057577786934e+03 6.269911012235816372e+00 0.000000000000000000e+00
1.226877616898085216e+04 4.018366778331610021e+03 6.288097886540599646e+00 0.000000000000000000e+00
1.231590801319355160e+04 4.033583893279157564e+03 6.306284760845382920e+00 0.000000000000000000e+00
1.236308375923656240e+04 4.048815373933505725e+03 6.324471635150166193e+00 0.000000000000000000e+00
1.241030334304082680e+04 4.064061191877079182e+03 6.342658509454948579e+00 0.000000000000000000e+00
1.245756665919632178e+04 4.079321318753804462e+03 6.360845383759731853e+00 0.000000000000000000e+00
1.250487364432857066e+04 4.094595726263840334e+03 6.379032258064515126e+00 0.000000000000000000e+00
1.255222419396618170e+04 4.109884386169803292e+03 6.397219132369298400e+00 0.000000000000000000e+00
1.259961824530487684e+04 4.125187270308722873e+03 6.415406006674081674e+00 0.000000000000000000e+00
1.264705569484970147e+04 4.140504350572698968e+03 6.433592880978864059e+00 0.000000000000000000e+00
1.269453648045851878e+04 4.155835598922402824e+03 6.451779755283647333e+00 0.000000000000000000e+00
1.274206049957170762e+04 4.171180987391757299e+03 6.469966629588430607e+00 0.000000000000000000e+00
1.278962769061173276e+04 4.186540488075361282e+03 6.488153503893213880e+00 0.000000000000000000e+00
1.283723795194663580e+04 4.201914073139774700e+03 6.506340378197997154e+00 0.000000000000000000e+00
1.288489122263982063e+04 4.217301714827372052e+03 6.524527252502779540e+00 0.000000000000000000e+00
1.293258740195164683e+04 4.232703385441358478e+03 6.542714126807562813e+00 0.000000000000000000e+00
1.298032642952850438e+04 4.248119057365642220e+03 6.560901001112346087e+00 0.000000000000000000e+00
1.302810820553256781e+04 4.263548703055820624e+03 6.579087875417129361e+00 0.000000000000000000e+00
1.307593267016800382e+04 4.278992295036709947e+03 6.597274749721911746e+00 0.000000000000000000e+00
1.312379972452256152e+04 4.294449805912972806e+03 6.615461624026695020e+00 0.000000000000000000e+00
1.317170930930928444e+04 4.309921208363267397e+03 6.633648498331478294e+00 0.000000000000000000e+00
1.321966132655580259e+04 4.325406475140839575e+03 6.651835372636261567e+00 0.000000000000000000e+00
1.326765571747816830e+04 4.340905579076475078e+03 6.670022246941044841e+00 0.000000000000000000e+00
1.331569238497861261e+04 4.356418493081560882e+03 6.688209121245827227e+00 0.000000000000000000e+00
1.336377127085324537e+04 4.371945190142248066e+03 6.706395995550610500e+00 0.000000000000000000e+00
1.341189227881725492e+04 4.387485643322967917e+03 6.724582869855393774e+00 0.000000000000000000e+00
1.346005535122894071e+04 4.403039825775003919e+03 6.742769744160177048e+00 0.000000000000000000e+00
1.350826039261064943e+04 4.418607710720365503e+03 6.760956618464960322e+00 0.000000000000000000e+00
1.355650734585706778e+04 4.434189271471177562e+03 6.779143492769742707e+00 0.000000000000000000e+00
1.360479611634237881e+04 4.449784481412647438e+03 6.797330367074525981e+00 0.000000000000000000e+00
1.365312664747587587e+04 4.465393314018498131e+03 6.815517241379309255e+00 0.000000000000000000e+00
1.370149884544031738e+04 4.481015742842178042e+03 6.833704115684092528e+00 0.000000000000000000e+00
1.374991265415469934e+04 4.496651741521693111e+03 6.851890989988875802e+00 0.000000000000000000e+00
1.379836798059868670e+04 4.512301283778188917e+03 6.870077864293658187e+00 0.000000000000000000e+00
1.384686476917361142e+04 4.527964343414352697e+03 6.888264738598441461e+00 0.000000000000000000e+00
1.389540292773163674e+04 4.543640894325527370e+03 6.906451612903224735e+00 0.000000000000000000e+00
1.394398240114982764e+04 4.559330910485478853e+03 6.924638487208008009e+00 0.000000000000000000e+00
1.399260309795770809e+04 4.575034365951048130e+03 6.942825361512791282e+00 0.000000000000000000e+00
1.404126496360777855e+04 4.590751234874517650e+03 6.961012235817573668e+00 0.000000000000000000e+00
1.408996790741160839e+04 4.606481491487334097e+03 6.979199110122356942e+00 0.000000000000000000e+00
1.413871187527472466e+04 4.622225110108157423e+03 6.997385984427140215e+00 0.000000000000000000e+00
1.418749677722328306e+04 4.637982065149529262e+03 7.015572858731923489e+00 0.000000000000000000e+00
1.423632255972071653e+04 4.653752331101056370e+03 7.033759733036705875e+00 0.000000000000000000e+00
1.428518913354205506e+04 4.669535882548379959e+03 7.051946607341489148e+00 0.000000000000000000e+00
1.433409644555244267e+04 4.685332694165892462e+03 7.070133481646272422e+00 0.000000000000000000e+00
1.438304440730834176e+04 4.701142740708997735e+03 7.088320355951055696e+00 0.000000000000000000e+00
1.443203296613025304e+04 4.716965997024964054e+03 7.106507230255838969e+00 0.000000000000000000e+00
1.448106203429976449e+04 4.732802438058217376e+03 7.124694104560621355e+00 0.000000000000000000e+00
1.453013155961705706e+04 4.748652038832240578e+03 7.142880978865404629e+00 0.000000000000000000e+00
1.457924145506396417e+04 4.764514774463686990e+03 7.161067853170187902e+00 0.000000000000000000e+00
1.462839166887181455e+04 4.780390620161894731e+03 7.179254727474971176e+00 0.000000000000000000e+00
1.467758211476425276e+04 4.796279551223643466e+03 7.197441601779754450e+00 0.000000000000000000e+00
1.472681274135781678e+04 4.812181543031170804e+03 7.215628476084536835e+00 0.000000000000000000e+00
1.477608346307824650e+04 4.828096571069560014e+03 7.233815350389320109e+00 0.000000000000000000e+00
1.482539422906697473e+04 4.844024610902526547e+03 7.252002224694103383e+00 0.000000000000000000e+00
1.487474495442561420e+04 4.859965638190193204e+03 7.270189098998886656e+00 0.000000000000000000e+00
1.492413558863851176e+04 4.875919628685043790e+03 7.288375973303669930e+00 0.000000000000000000e+00
1.497356604757963942e+04 4.891886558227561181e+03 7.306562847608452316e+00 0.000000000000000000e+00
1.502303628114326602e+04 4.907866402749818917e+03 7.324749721913235589e+00 0.000000000000000000e+00
1.507254620577428250e+04 4.923859138277804959e+03 7.342936596218018863e+00 0.000000000000000000e+00
1.512209577186522256e+04 4.939864740926081140e+03 7.361123470522802137e+00 0.000000000000000000e+00
1.517168489655300800e+04 4.955883186903734895e+03 7.379310344827585411e+00 0.000000000000000000e+00
1.522131353064266841e+04 4.971914452508754039e+03 7.397497219132367796e+00 0.000000000000000000e+00
1.527098159186692101e+04 4.987958514133237259e+03 7.415684093437151070e+00 0.000000000000000000e+00
1.532068903146201046e+04 5.004015348259316852e+03 7.433870967741934344e+00 0.000000000000000000e+00
1.537043576780615513e+04 5.020084931464761212e+03 7.452057842046717617e+00 0.000000000000000000e+00
1.542022175255687398e+04 5.036167240413086802e+03 7.470244716351500891e+00 0.000000000000000000e+00
1.547004690474226663e+04 5.052262251861895493e+03 7.488431590656283277e+00 0.000000000000000000e+00
1.551991117635648152e+04 5.068369942668834483e+03 7.506618464961066550e+00 0.000000000000000000e+00
1.556981448709954930e+04 5.084490289771374592e+03 7.524805339265849824e+00 0.000000000000000000e+00
1.561975678936089935e+04 5.100623270205624067e+03 7.542992213570633098e+00 0.000000000000000000e+00
1.566973800344488882e+04 5.116768861101160837e+03 7.561179087875415483e+00 0.000000000000000000e+00
1.571975808218095881e+04 5.132927039675802007e+03 7.579365962180198757e+00 0.000000000000000000e+00
1.576981694649459678e+04 5.149097783240911667e+03 7.597552836484982031e+00 0.000000000000000000e+00
1.581991454949540275e+04 5.165281069201814717e+03 7.615739710789765304e+00 0.000000000000000000e+00
1.587005081274058466e+04 5.181476875050259878e+03 7.633926585094548578e+00 0.000000000000000000e+00
1.592022568977835181e+04 5.197685178375700161e+03 7.652113459399330964e+00 0.000000000000000000e+00
1.597043910272211542e+04 5.213905956858308855e+03 7.670300333704114237e+00 0.000000000000000000e+00
1.602069100550632356e+04 5.230139188268268299e+03 7.688487208008897511e+00 0.000000000000000000e+00
1.607098132084596000e+04 5.246384850467957222e+03 7.706674082313680785e+00 0.000000000000000000e+00
1.612131000305711132e+04 5.262642921412527357e+03 7.724860956618464058e+00 0.000000000000000000e+00
1.617167697539805704e+04 5.278913379148516469e+03 7.743047830923246444e+00 0.000000000000000000e+00
1.622208219255255244e+04 5.295196201811334504e+03 7.761234705228029718e+00 0.000000000000000000e+00
1.627252557840223926e+04 5.311491367633059781e+03 7.779421579532812991e+00 0.000000000000000000e+00
1.632300708794372440e+04 5.327798854933789698e+03 7.797608453837596265e+00 0.000000000000000000e+00
1.637352664559690311e+04 5.344118642122485653e+03 7.815795328142379539e+00 0.000000000000000000e+00
1.642408420680868585e+04 5.360450707703584158e+03 7.833982202447161924e+00 0.000000000000000000e+00
1.647467969654424451e+04 5.376795030271521682e+03 7.852169076751945198e+00 0.000000000000000000e+00
1.652531307054303761e+04 5.393151588510232614e+03 7.870355951056728472e+00 0.000000000000000000e+00
1.657598425435107492e+04 5.409520361194083307e+03 7.888542825361511746e+00 0.000000000000000000e+00
1.662669320406589395e+04 5.425901327189421863e+03 7.906729699666295019e+00 0.000000000000000000e+00
1.667743984577824813e+04 5.442294465452395343e+03 7.924916573971077405e+00 0.000000000000000000e+00
1.672822413591329314e+04 5.458699755027990250e+03 7.943103448275860679e+00 0.000000000000000000e+00
1.677904600111864420e+04 5.475117175055966982e+03 7.961290322580643952e+00 0.000000000000000000e+00
1.682990539815044031e+04 5.491546704757695807e+03 7.979477196885427226e+00 0.000000000000000000e+00
1.688080225421378054e+04 5.507988323455426325e+03 7.997664071190210500e+00 0.000000000000000000e+00
1.693173652637937266e+04 5.524442010549654697e+03 8.015850945494992885e+00 0.000000000000000000e+00
1.698270814243531640e+04 5.540907745536995208e+03 8.034037819799776159e+00 0.000000000000000000e+00
1.703371705971430492e+04 5.557385508005021620e+03 8.052224694104559433e+00 0.000000000000000000e+00
1.708476320655456948e+04 5.573875277624001683e+03 8.070411568409342706e+00 0.000000000000000000e+00
1.713584654061014589e+04 5.590377034155249021e+03 8.088598442714125980e+00 0.000000000000000000e+00
1.718696699072123010e+04 5.606890757450484671e+03 8.106785317018909254e+00 0.000000000000000000e+00
1.723812451490142121e+04 5.623416427449158618e+03 8.124972191323692527e+00 0.000000000000000000e+00
1.728931904249253057e+04 5.639954024179820408e+03 8.143159065628475801e+00 0.000000000000000000e+00
1.734055053186366422e+04 5.656503527755901814e+03 8.161345939933259075e+00 0.000000000000000000e+00
1.739181891278047988e+04 5.673064918381285679e+03 8.179532814238042349e+00 0.000000000000000000e+00
1.744312414395084124e+04 5.689638176346057662e+03 8.197719688542825622e+00 0.000000000000000000e+00
1.749446615565199681e+04 5.706223282031806775e+03 8.215906562847608896e+00 0.000000000000000000e+00
1.754584490695836939e+04 5.722820215898792412e+03 8.234093437152390393e+00 0.000000000000000000e+00
1.759726032856817255e+04 5.739428958499591317e+03 8.252280311457173667e+00 0.000000000000000000e+00
1.764871237985148400e+04 5.756049490476467327e+03 8.270467185761956941e+00 0.000000000000000000e+00
1.770020099205880979e+04 5.772681792552243678e+03 8.288654060066740215e+00 0.000000000000000000e+00
1.775172612487508741e+04 5.789325845537674468e+03 8.306840934371523488e+00 0.000000000000000000e+00
1.780328771003712973e+04 5.805981630329211839e+03 8.325027808676306762e+00 0.000000000000000000e+00
1.785488570742970842e+04 5.822649127911879987e+03 8.343214682981090036e+00 0.000000000000000000e+00
1.790652004936062804e+04 5.839328319349413505e+03 8.361401557285873309e+00 0.000000000000000000e+00
1.795819069603085882e+04 5.856019185802006177e+03 8.379588431590656583e+00 0.000000000000000000e+00
1.800989758011875165e+04 5.872721708500512250e+03 8.397775305895438080e+00 0.000000000000000000e+00
1.806164066219779488e+04 5.889435868772039612e+03 8.415962180200221354e+00 0.000000000000000000e+00
1.811341987540451009e+04 5.906161648022078225e+03 8.434149054505004628e+00 0.000000000000000000e+00
1.816523518059113121e+04 5.922899027740181737e+03 8.452335928809787902e+00 0.000000000000000000e+00
1.821708651137384004e+04 5.939647989504098405e+03 8.470522803114571175e+00 0.000000000000000000e+00
1.826897382889081200e+04 5.956408514971622935e+03 8.488709677419354449e+00 0.000000000000000000e+00
1.832089706721240509e+04 5.973180585883317690e+03 8.506896551724137723e+00 0.000000000000000000e+00
1.837285618772408634e+04 5.989964184061132983e+03 8.525083426028920996e+00 0.000000000000000000e+00
1.842485112498360468e+04 6.006759291419104557e+03 8.543270300333704270e+00 0.000000000000000000e+00
1.847688184066732720e+04 6.023565889940218767e+03 8.561457174638487544e+00 0.000000000000000000e+00
1.852894826977395132e+04 6.040383961698594248e+03 8.579644048943269041e+00 0.000000000000000000e+00
1.858105037425626506e+04 6.057213488850270551e+03 8.597830923248052315e+00 0.000000000000000000e+00
1.863318808956599241e+04 6.074054453627015391e+03 8.616017797552835589e+00 0.000000000000000000e+00
1.868536137794956448e+04 6.090906838346192671e+03 8.634204671857618862e+00 0.000000000000000000e+00
1.873757017524166804e+04 6.107770625406566978e+03 8.652391546162402136e+00 0.000000000000000000e+00
1.878981444398590975e+04 6.124645797284273613e+03 8.670578420467185410e+00 0.000000000000000000e+00
1.884209412047910519e+04 6.141532336537997253e+03 8.688765294771968684e+00 0.000000000000000000e+00
1.889440916749733515e+04 6.158430225807152055e+03 8.706952169076751957e+00 0.000000000000000000e+00
1.894675952174106351e+04 6.175339447806793942e+03 8.725139043381535231e+00 0.000000000000000000e+00
1.899914514634215084e+04 6.192259985337542275e+03 8.743325917686318505e+00 0.000000000000000000e+00
1.905156597841579423e+04 6.209191821275003349e+03 8.761512791991100002e+00 0.000000000000000000e+00
1.910402198124954884e+04 6.226134938575286469e+03 8.779699666295883276e+00 0.000000000000000000e+00
1.915651309245752782e+04 6.243089320270842109e+03 8.797886540600666549e+00 0.000000000000000000e+00
1.920903927562552781e+04 6.260054949475267676e+03 8.816073414905449823e+00 0.000000000000000000e+00
1.926160046872625753e+04 6.277031809377254831e+03 8.834260289210233097e+00 0.000000000000000000e+00
1.931419663559475521e+04 6.294019883247515281e+03 8.852447163515016371e+00 0.000000000000000000e+00
1.936682771464187317e+04 6.311019154428573529e+03 8.870634037819799644e+00 0.000000000000000000e+00
1.941949366998796540e+04 6.328029606342627631e+03 8.888820912124582918e+00 0.000000000000000000e+00
1.947219444038331494e+04 6.345051222488451458e+03 8.907007786429366192e+00 0.000000000000000000e+00
1.952492999024648816e+04 6.362083986441884008e+03 8.925194660734147689e+00 0.000000000000000000e+00
1.957770025873531995e+04 6.379127881852471546e+03 8.943381535038930963e+00 0.000000000000000000e+00
1.963050521053434932e+04 6.396182892448831808e+03 8.961568409343714237e+00 0.000000000000000000e+00
1.968334478514465081e+04 6.413249002032145654e+03 8.979755283648497510e+00 0.000000000000000000e+00
1.973621894754642199e+04 6.430326194479070182e+03 8.997942157953280784e+00 0.000000000000000000e+00
1.978912763761854512e+04 6.447414453739866985e+03 9.016129032258064058e+00 0.000000000000000000e+00
1.984207082057484513e+04 6.464513763844146524e+03 9.034315906562847331e+00 0.000000000000000000e+00
1.989504843663728752e+04 6.481624108891136530e+03 9.052502780867630605e+00 0.000000000000000000e+00
1.994806045139935668e+04 6.498745473053761998e+03 9.070689655172413879e+00 0.000000000000000000e+00
2.000110680542382761e+04 6.515877840584335900e+03 9.088876529477197153e+00 0.000000000000000000e+00
2.005418746446504883e+04 6.533021195795367021e+03 9.107063403781978650e+00 0.000000000000000000e+00
2.010730236946355944e+04 6.550175523085998975e+03 9.125250278086761924e+00 0.000000000000000000e+00
2.016045148652064381e+04 6.567340806922728916e+03 9.143437152391545197e+00 0.000000000000000000e+00
2.021363475690341511e+04 6.584517031839709489e+03 9.161624026696328471e+00 0.000000000000000000e+00
2.026685214697019546e+04 6.601704182451318957e+03 9.179810901001111745e+00 0.000000000000000000e+00
2.032010359832275208e+04 6.618902243436354183e+03 9.197997775305895019e+00 0.000000000000000000e+00
2.037338907759463473e+04 6.636111199548528930e+03 9.216184649610678292e+00 0.000000000000000000e+00
2.042670852672601904e+04 6.653331035610593062e+03 9.234371523915461566e+00 0.000000000000000000e+00
2.048006191252839199e+04 6.670561736519830447e+03 9.252558398220244840e+00 0.000000000000000000e+00
2.053344917740868186e+04 6.687803287233768060e+03 9.270745272525028113e+00 0.000000000000000000e+00
2.058687028839463164e+04 6.705055672791562756e+03 9.288932146829809611e+00 0.000000000000000000e+00
2.064032518826626256e+04 6.722318878295553986e+03 9.307119021134592884e+00 0.000000000000000000e+00
2.069381384419713868e+04 6.739592888920156838e+03 9.325305895439376158e+00 0.000000000000000000e+00
2.074733619937627373e+04 6.756877689904299586e+03 9.343492769744159432e+00 0.000000000000000000e+00
2.080089222124202206e+04 6.774173266559660988e+03 9.361679644048942706e+00 0.000000000000000000e+00
2.085448185331705463e+04 6.791479604266348360e+03 9.379866518353725979e+00 0.000000000000000000e+00
2.090810506323315713e+04 6.808796688466766682e+03 9.398053392658509253e+00 0.000000000000000000e+00
2.096176179484514796e+04 6.826124504678141420e+03 9.416240266963292527e+00 0.000000000000000000e+00
2.101545201603732494e+04 6.843463038481570038e+03 9.434427141268075800e+00 0.000000000000000000e+00
2.106917567100199449e+04 6.860812275521495394e+03 9.452614015572857298e+00 0.000000000000000000e+00
2.112293272791770141e+04 6.878172201516593304e+03 9.470800889877640572e+00 0.000000000000000000e+00
2.117672313126396693e+04 6.895542802248452062e+03 9.488987764182423845e+00 0.000000000000000000e+00
2.123054684945399640e+04 6.912924063559017668e+03 9.507174638487207119e+00 0.000000000000000000e+00
2.128440382726051394e+04 6.930315971366091617e+03 9.525361512791990393e+00 0.000000000000000000e+00
2.133829403335151073e+04 6.947718511644131468e+03 9.543548387096773666e+00 0.000000000000000000e+00
2.139221741284143354e+04 6.965131670435261185e+03 9.561735261401556940e+00 0.000000000000000000e+00
2.144617393459430969e+04 6.982555433850136069e+03 9.579922135706340214e+00 0.000000000000000000e+00
2.150016354404716913e+04 6.999989788058827799e+03 9.598109010011123488e+00 0.000000000000000000e+00
2.155418621026560868e+04 7.017434719294924435e+03 9.616295884315906761e+00 0.000000000000000000e+00
2.160824187911205445e+04 7.034890213860954645e+03 9.634482758620688259e+00 0.000000000000000000e+00
2.166233051982701727e+04 7.052356258115936726e+03 9.652669632925471532e+00 0.000000000000000000e+00
2.171645207856644993e+04 7.069832838487296613e+03 9.670856507230254806e+00 0.000000000000000000e+00
2.177060652477090116e+04 7.087319941465041666e+03 9.689043381535038080e+00 0.000000000000000000e+00
2.182479380488967581e+04 7.104817553595606114e+03 9.707230255839821353e+00 0.000000000000000000e+00
2.187901388862868043e+04 7.122325661496383873e+03 9.725417130144604627e+00 0.000000000000000000e+00
2.193326672277227772e+04 7.139844251837082993e+03 9.743604004449387901e+00 0.000000000000000000e+00
2.198755227722271229e+04 7.157373311354664111e+03 9.761790878754171175e+00 0.000000000000000000e+00
2.204187049903949446e+04 7.174912826848456461e+03 9.779977753058954448e+00 0.000000000000000000e+00
2.209622135836809321e+04 7.192462785173244811e+03 9.798164627363737722e+00 0.000000000000000000e+00
2.215060480252336129e+04 7.210023173247536761e+03 9.816351501668519219e+00 0.000000000000000000e+00
2.220502080193500660e+04 7.227593978048389545e+03 9.834538375973302493e+00 0.000000000000000000e+00
2.225946930418379270e+04 7.245175186615304483e+03 9.852725250278085767e+00 0.000000000000000000e+00
2.231395027990141534e+04 7.262766786042850072e+03 9.870912124582869041e+00 0.000000000000000000e+00
2.236846367698565518e+04 7.280368763489434059e+03 9.889098998887652314e+00 0.000000000000000000e+00
2.242300946634568390e+04 7.297981106172389445e+03 9.907285873192435588e+00 0.000000000000000000e+00
2.247758759606543390e+04 7.315603801361112346e+03 9.925472747497218862e+00 0.000000000000000000e+00
2.253219803724705707e+04 7.333236836387769472e+03 9.943659621802002135e+00 0.000000000000000000e+00
2.258684073835259551e+04 7.350880198643517360e+03 9.961846496106785409e+00 0.000000000000000000e+00
2.264151567065190102e+04 7.368533875577280924e+03 9.980033370411566906e+00 0.000000000000000000e+00
2.269622278289591486e+04 7.386197854687618019e+03 9.998220244716350180e+00 0.000000000000000000e+00
2.275096204653401219e+04 7.403872123542950249e+03 1.001640711902113345e+01 0.000000000000000000e+00
2.280573341062684631e+04 7.421556669758567296e+03 1.003459399332591673e+01 0.000000000000000000e+00
2.286053684686780616e+04 7.439251481005339883e+03 1.005278086763070000e+01 0.000000000000000000e+00
2.291537230456164980e+04 7.456956545019100304e+03 1.007096774193548328e+01 0.000000000000000000e+00
2.297023975557999074e+04 7.474671849583231051e+03 1.008915461624026655e+01 0.000000000000000000e+00
2.302513914951309562e+04 7.492397382538931197e+03 1.010734149054504982e+01 0.000000000000000000e+00
2.308007045844100867e+04 7.510133131782033161e+03 1.012552836484983310e+01 0.000000000000000000e+00
2.313503363226910369e+04 7.527879085265290087e+03 1.014371523915461637e+01 0.000000000000000000e+00
2.319002864327681164e+04 7.545635230993253572e+03 1.016190211345939787e+01 0.000000000000000000e+00
2.324505544160167483e+04 7.563401557026526461e+03 1.018008898776418114e+01 0.000000000000000000e+00
2.330011399971134233e+04 7.581178051478439556e+03 1.019827586206896441e+01 0.000000000000000000e+00
2.335520426804250019e+04 7.598964702513199882e+03 1.021646273637374769e+01 0.000000000000000000e+00
2.341032621925837520e+04 7.616761498356586344e+03 1.023464961067853096e+01 0.000000000000000000e+00
2.346547980403612382e+04 7.634568427278455601e+03 1.025283648498331424e+01 0.000000000000000000e+00
2.352066499526486587e+04 7.652385477606859240e+03 1.027102335928809751e+01 0.000000000000000000e+00
2.357588174384989907e+04 7.670212637714610537e+03 1.028921023359288078e+01 0.000000000000000000e+00
2.363113002290047734e+04 7.688049896039623491e+03 1.030739710789766406e+01 0.000000000000000000e+00
2.368640978360163353e+04 7.705897241057787141e+03 1.032558398220244733e+01 0.000000000000000000e+00
2.374172099925985822e+04 7.723754661305416448e+03 1.034377085650722883e+01 0.000000000000000000e+00
2.379706362130592242e+04 7.741622145367525263e+03 1.036195773081201210e+01 0.000000000000000000e+00
2.385243762317950677e+04 7.759499681877335206e+03 1.038014460511679538e+01 0.000000000000000000e+00
2.390784295663005469e+04 7.777387259521638953e+03 1.039833147942157865e+01 0.000000000000000000e+00
2.396327959525840197e+04 7.795284867037632466e+03 1.041651835372636192e+01 0.000000000000000000e+00
2.401874749111377241e+04 7.813192493207721782e+03 1.043470522803114520e+01 0.000000000000000000e+00
2.407424661797654699e+04 7.831110126873248191e+03 1.045289210233592847e+01 0.000000000000000000e+00
2.412977692811639645e+04 7.849037756916599392e+03 1.047107897664071174e+01 0.000000000000000000e+00
2.418533839546355375e+04 7.866975372271148444e+03 1.048926585094549502e+01 0.000000000000000000e+00
2.424093097262067749e+04 7.884922961918256078e+03 1.050745272525027652e+01 0.000000000000000000e+00
2.429655463366772528e+04 7.902880514894419321e+03 1.052563959955505979e+01 0.000000000000000000e+00
2.435220933142404829e+04 7.920848020274858754e+03 1.054382647385984306e+01 0.000000000000000000e+00
2.440789504014498380e+04 7.938825467190153176e+03 1.056201334816462634e+01 0.000000000000000000e+00
2.446361171297246619e+04 7.956812844812922776e+03 1.058020022246940961e+01 0.000000000000000000e+00
2.451935932429706736e+04 7.974810142368808556e+03 1.059838709677419288e+01 0.000000000000000000e+00
2.457513782753052874e+04 7.992817349124684370e+03 1.061657397107897616e+01 0.000000000000000000e+00
2.463094719718205306e+04 8.010834454398609523e+03 1.063476084538375943e+01 0.000000000000000000e+00
2.468678738701405746e+04 8.028861447551280435e+03 1.065294771968854270e+01 0.000000000000000000e+00
2.474265837159081639e+04 8.046898317995744947e+03 1.067113459399332598e+01 0.000000000000000000e+00
2.479856010495696319e+04 8.064945055183883596e+03 1.068932146829810748e+01 0.000000000000000000e+00
2.485449256187424908e+04 8.083001648617560932e+03 1.070750834260289075e+01 0.000000000000000000e+00
2.491045569661364061e+04 8.101068087842192654e+03 1.072569521690767402e+01 0.000000000000000000e+00
2.496644948409386052e+04 8.119144362451875168e+03 1.074388209121245730e+01 0.000000000000000000e+00
2.502247387886618890e+04 8.137230462079847712e+03 1.076206896551724057e+01 0.000000000000000000e+00
2.507852885597368731e+04 8.155326376407314456e+03 1.078025583982202384e+01 0.000000000000000000e+00
2.513461437022773316e+04 8.173432095160696917e+03 1.079844271412680712e+01 0.000000000000000000e+00
2.519073039686798074e+04 8.191547608108452550e+03 1.081662958843159039e+01 0.000000000000000000e+00
2.524687689085504462e+04 8.209672905062012433e+03 1.083481646273637367e+01 0.000000000000000000e+00
2.530305382767456103e+04 8.227807975879703008e+03 1.085300333704115694e+01 0.000000000000000000e+00
2.535926116254430235e+04 8.245952810458837121e+03 1.087119021134593844e+01 0.000000000000000000e+00
2.541549887103551373e+04 8.264107398745665705e+03 1.088937708565072171e+01 0.000000000000000000e+00
2.547176690858042275e+04 8.282271730720689447e+03 1.090756395995550498e+01 0.000000000000000000e+00
2.552806525095127654e+04 8.300445796415220684e+03 1.092575083426028826e+01 0.000000000000000000e+00
2.558439385388740629e+04 8.318629585896747813e+03 1.094393770856507153e+01 0.000000000000000000e+00
2.564075269323005705e+04 8.336823089277420877e+03 1.096212458286985481e+01 0.000000000000000000e+00
2.569714172495523599e+04 8.355026296711543182e+03 1.098031145717463808e+01 0.000000000000000000e+00
2.575356092507394715e+04 8.373239198393450351e+03 1.099849833147942135e+01 0.000000000000000000e+00
2.581001024981359296e+04 8.391461784557912324e+03 1.101668520578420463e+01 0.000000000000000000e+00
2.586648967533856194e+04 8.409694045482283400e+03 1.103487208008898612e+01 0.000000000000000000e+00
2.592299915804362900e+04 8.427935971484212132e+03 1.105305895439376940e+01 0.000000000000000000e+00
2.597953867429380625e+04 8.446187552920086091e+03 1.107124582869855267e+01 0.000000000000000000e+00
2.603610818074887356e+04 8.464448780187552984e+03 1.108943270300333594e+01 0.000000000000000000e+00
2.609270765390649831e+04 8.482719643726190043e+03 1.110761957730811922e+01 0.000000000000000000e+00
2.614933705055478640e+04 8.501000134011717819e+03 1.112580645161290249e+01 0.000000000000000000e+00
2.620599634744791911e+04 8.519290241559448987e+03 1.114399332591768577e+01 0.000000000000000000e+00
2.626268550155629418e+04 8.537589956926885861e+03 1.116218020022246904e+01 0.000000000000000000e+00
2.631940448976105472e+04 8.555899270706202515e+03 1.118036707452725231e+01 0.000000000000000000e+00
2.637615326931315212e+04 8.574218173530940476e+03 1.119855394883203559e+01 0.000000000000000000e+00
2.643293181717734478e+04 8.592546656075588544e+03 1.121674082313681708e+01 0.000000000000000000e+00
2.648974009088178718e+04 8.610884709044474221e+03 1.123492769744160036e+01 0.000000000000000000e+00
2.654657806756560240e+04 8.629232323188802184e+03 1.125311457174638363e+01 0.000000000000000000e+00
2.660344570487035890e+04 8.647589489292784492e+03 1.127130144605116691e+01 0.000000000000000000e+00
2.666034298011512510e+04 8.665956198173440498e+03 1.128948832035595018e+01 0.000000000000000000e+00
2.671726985119759775e+04 8.684332440697411585e+03 1.130767519466073345e+01 0.000000000000000000e+00
2.677422629560809582e+04 8.702718207757170603e+03 1.132586206896551673e+01 0.000000000000000000e+00
2.683121227140408519e+04 8.721113490284300497e+03 1.134404894327030000e+01 0.000000000000000000e+00
2.688822775618137894e+04 8.739518279250880369e+03 1.136223581757508327e+01 0.000000000000000000e+00
2.694527270822657010e+04 8.757932565660032196e+03 1.138042269187986655e+01 0.000000000000000000e+00
2.700234710529170115e+04 8.776356340554992130e+03 1.139860956618464805e+01 0.000000000000000000e+00
2.705945090597304807e+04 8.794789595010768608e+03 1.141679644048943132e+01 0.000000000000000000e+00
2.711658408804771898e+04 8.813232320141536547e+03 1.143498331479421459e+01 0.000000000000000000e+00
2.717374661028028640e+04 8.831684507093581487e+03 1.145317018909899787e+01 0.000000000000000000e+00
2.723093845068868904e+04 8.850146147049255887e+03 1.147135706340378114e+01 0.000000000000000000e+00
2.728815956823803936e+04 8.868617231228252422e+03 1.148954393770856441e+01 0.000000000000000000e+00
2.734540994106974904e+04 8.887097750881139291e+03 1.150773081201334769e+01 0.000000000000000000e+00
2.740268952831142815e+04 8.905587697292607118e+03 1.152591768631813096e+01 0.000000000000000000e+00
2.745999830827282494e+04 8.924087061786298364e+03 1.154410456062291424e+01 0.000000000000000000e+00
2.751733624030138526e+04 8.942595835715283101e+03 1.156229143492769573e+01 0.000000000000000000e+00
2.757470330279599875e+04 8.961114010465244064e+03 1.158047830923247901e+01 0.000000000000000000e+00
2.763209945531009362e+04 8.979641577459255132e+03 1.159866518353726228e+01 0.000000000000000000e+00
2.768952467640221585e+04 8.998178528152318904e+03 1.161685205784204555e+01 0.000000000000000000e+00
2.774697892585910813e+04 9.016724854030468123e+03 1.163503893214682883e+01 0.000000000000000000e+00
2.780446218234767730e+04 9.035280546616137144e+03 1.165322580645161210e+01 0.000000000000000000e+00
2.786197440579776594e+04 9.053845597457911936e+03 1.167141268075639537e+01 0.000000000000000000e+00
2.791951557509032136e+04 9.072419998146127909e+03 1.168959955506117865e+01 0.000000000000000000e+00
2.797708565031477337e+04 9.091003740293072042e+03 1.170778642936596192e+01 0.000000000000000000e+00
2.803468461052624480e+04 9.109596815551205509e+03 1.172597330367074520e+01 0.000000000000000000e+00
2.809231241595470419e+04 9.128199215596310751e+03 1.174416017797552669e+01 0.000000000000000000e+00
2.814996904573549546e+04 9.146810932147118365e+03 1.176234705228030997e+01 0.000000000000000000e+00
2.820765446036505818e+04 9.165431956941942190e+03 1.178053392658509324e+01 0.000000000000000000e+00
2.826536863914750938e+04 9.184062281758355311e+03 1.179872080088987651e+01 0.000000000000000000e+00
2.832311154273354623e+04 9.202701898400197024e+03 1.181690767519465979e+01 0.000000000000000000e+00
2.838088315054326449e+04 9.221350798699719235e+03 1.183509454949944306e+01 0.000000000000000000e+00
2.843868342339822630e+04 9.240008974527920145e+03 1.185328142380422634e+01 0.000000000000000000e+00
2.849651234088697311e+04 9.258676417780625343e+03 1.187146829810900961e+01 0.000000000000000000e+00
2.855436986397211876e+04 9.277353120381469125e+03 1.188965517241379288e+01 0.000000000000000000e+00
2.861225597242158983e+04 9.296039074289561540e+03 1.190784204671857616e+01 0.000000000000000000e+00
2.867017062737168817e+04 9.314734271487601291e+03 1.192602892102335765e+01 0.000000000000000000e+00
2.872811380868453125e+04 9.333438703994697789e+03 1.194421579532814093e+01 0.000000000000000000e+00
2.878608547774023100e+04 9.352152363849441826e+03 1.196240266963292420e+01 0.000000000000000000e+00
2.884408561446359090e+04 9.370875243128844886e+03 1.198058954393770748e+01 0.000000000000000000e+00
2.890211418045350729e+04 9.389607333934785856e+03 1.199877641824249075e+01 0.000000000000000000e+00
2.896017115577842196e+04 9.408348628396937784e+03 1.201696329254727402e+01 0.000000000000000000e+00
2.901825650219675663e+04 9.427099118674817873e+03 1.203515016685205730e+01 0.000000000000000000e+00
2.907637019988811517e+04 9.445858796954069476e+03 1.205333704115684057e+01 0.000000000000000000e+00
2.913451221078764502e+04 9.464627655450114617e+03 1.207152391546162384e+01 0.000000000000000000e+00
2.919268251519415207e+04 9.483405686405521919e+03 1.208971078976640534e+01 0.000000000000000000e+00
2.925088107521580969e+04 9.502192882093208027e+03 1.210789766407118861e+01 0.000000000000000000e+00
2.930910787133912163e+04 9.520989234808834226e+03 1.212608453837597189e+01 0.000000000000000000e+00
2.936736286581242166e+04 9.539794736877400283e+03 1.214427141268075516e+01 0.000000000000000000e+00
2.942564603923171308e+04 9.558609380652842447e+03 1.216245828698553844e+01 0.000000000000000000e+00
2.948395735401894126e+04 9.577433158511546935e+03 1.218064516129032171e+01 0.000000000000000000e+00
2.954229679094192761e+04 9.596266062859665908e+03 1.219883203559510498e+01 0.000000000000000000e+00
2.960066431246827779e+04 9.615108086129939693e+03 1.221701890989988826e+01 0.000000000000000000e+00
2.965905989958322971e+04 9.633959220780017858e+03 1.223520578420467153e+01 0.000000000000000000e+00
2.971748351493822338e+04 9.652819459293998079e+03 1.225339265850945480e+01 0.000000000000000000e+00
2.977593513962092402e+04 9.671688794183244681e+03 1.227157953281423630e+01 0.000000000000000000e+00
2.983441473644084908e+04 9.690567217981559224e+03 1.228976640711901958e+01 0.000000000000000000e+00
2.989292228658562090e+04 9.709454723253036718e+03 1.230795328142380285e+01 0.000000000000000000e+00
2.995145775308803422e+04 9.728351302581681011e+03 1.232614015572858612e+01 0.000000000000000000e+00
3.001002111723316557e+04 9.747256948582973564e+03 1.234432703003336940e+01 0.000000000000000000e+00
3.006861234219383186e+04 9.766171653890827656e+03 1.236251390433815267e+01 0.000000000000000000e+00
3.012723140936689015e+04 9.785095411167669226e+03 1.238070077864293594e+01 0.000000000000000000e+00
3.018587828214303954e+04 9.804028213101395522e+03 1.239888765294771922e+01 0.000000000000000000e+00
3.024455294205174505e+04 9.822970052400889472e+03 1.241707452725250249e+01 0.000000000000000000e+00
3.030325535252996269e+04 9.841920921802971861e+03 1.243526140155728577e+01 0.000000000000000000e+00
3.036198549530990931e+04 9.860880814065816594e+03 1.245344827586206726e+01 0.000000000000000000e+00
3.042074333398471572e+04 9.879849721972679617e+03 1.247163515016685054e+01 0.000000000000000000e+00
3.047952885038447494e+04 9.898827638331986236e+03 1.248982202447163381e+01 0.000000000000000000e+00
3.053834200836742457e+04 9.917814555971748632e+03 1.250800889877641708e+01 0.000000000000000000e+00
3.059718278972650296e+04 9.936810467748033261e+03 1.252619577308120036e+01 0.000000000000000000e+00
3.065605115842152372e+04 9.955815366537235604e+03 1.254438264738598363e+01 0.000000000000000000e+00
3.071494709652874735e+04 9.974829245240791352e+03 1.256256952169076690e+01 0.000000000000000000e+00
3.077387056820144790e+04 9.993852096780705324e+03 1.258075639599555018e+01 0.000000000000000000e+00
3.083282155552399490e+04 1.001288391410238182e+04 1.259894327030033345e+01 0.000000000000000000e+00
3.089180002279490145e+04 1.003192469017689473e+04 1.261713014460511495e+01 0.000000000000000000e+00
3.095080595229651954e+04 1.005097441799161061e+04 1.263531701890989822e+01 0.000000000000000000e+00
3.100983930839627646e+04 1.007003309056478429e+04 1.265350389321468150e+01 0.000000000000000000e+00
3.106890007346154744e+04 1.008910070092782735e+04 1.267169076751946477e+01 0.000000000000000000e+00
3.112798821211967515e+04 1.010817724213868860e+04 1.268987764182424804e+01 0.000000000000000000e+00
3.118710370682814391e+04 1.012726270727622614e+04 1.270806451612903132e+01 0.000000000000000000e+00
3.124624652229263666e+04 1.014635708944399266e+04 1.272625139043381459e+01 0.000000000000000000e+00
3.130541664116639367e+04 1.016546038176026013e+04 1.274443826473859787e+01 0.000000000000000000e+00
3.136461402827409984e+04 1.018457257737121836e+04 1.276262513904338114e+01 0.000000000000000000e+00
3.142383866637377287e+04 1.020369366943991554e+04 1.278081201334816441e+01 0.000000000000000000e+00
3.148309052042284384e+04 1.022282365115271205e+04 1.279899888765294591e+01 0.000000000000000000e+00
3.154236957330717269e+04 1.024196251571472931e+04 1.281718576195772918e+01 0.000000000000000000e+00
3.160167579012109854e+04 1.026111025635530314e+04 1.283537263626251246e+01 0.000000000000000000e+00
3.166100915388239810e+04 1.028026686631980556e+04 1.285355951056729573e+01 0.000000000000000000e+00
3.172036962983377452e+04 1.029943233887714450e+04 1.287174638487207901e+01 0.000000000000000000e+00
3.177975720112715862e+04 1.031860666731547644e+04 1.288993325917686228e+01 0.000000000000000000e+00
3.183917183308644235e+04 1.033778984494310134e+04 1.290812013348164555e+01 0.000000000000000000e+00
3.189861350899770696e+04 1.035698186508827348e+04 1.292630700778642883e+01 0.000000000000000000e+00
3.195808219431237012e+04 1.037618272109846839e+04 1.294449388209121210e+01 0.000000000000000000e+00
3.201757787243191706e+04 1.039539240634031921e+04 1.296268075639599537e+01 0.000000000000000000e+00
3.207710050899149792e+04 1.041461091420295634e+04 1.298086763070077687e+01 0.000000000000000000e+00
3.213665008748591208e+04 1.043383823809334535e+04 1.299905450500556015e+01 0.000000000000000000e+00
3.219622657368654836e+04 1.045307437143316565e+04 1.301724137931034342e+01 0.000000000000000000e+00
3.225582995116822349e+04 1.047231930766916230e+04 1.303542825361512669e+01 0.000000000000000000e+00
3.231546018578852454e+04 1.049157304026331258e+04 1.305361512791990997e+01 0.000000000000000000e+00
3.237511726133811680e+04 1.051083556270215740e+04 1.307180200222469324e+01 0.000000000000000000e+00
3.243480114378301732e+04 1.053010686848142905e+04 1.308998887652947651e+01 0.000000000000000000e+00
3.249451181701294263e+04 1.054938695112227470e+04 1.310817575083425979e+01 0.000000000000000000e+00
3.255424924717376416e+04 1.056867580416430428e+04 1.312636262513904306e+01 0.000000000000000000e+00
3.261401341819896334e+04 1.058797342115814536e+04 1.314454949944382456e+01 0.000000000000000000e+00
3.267380429639563226e+04 1.060727979568020783e+04 1.316273637374860783e+01 0.000000000000000000e+00
3.273362186574210136e+04 1.062659492132564446e+04 1.318092324805339111e+01 0.000000000000000000e+00
3.279346609276290837e+04 1.064591879169970707e+04 1.319911012235817438e+01 0.000000000000000000e+00
3.285333696149900061e+04 1.066525140042919156e+04 1.321729699666295765e+01 0.000000000000000000e+00
3.291323443860081898e+04 1.068459274116145934e+04 1.323548387096774093e+01 0.000000000000000000e+00
3.297315850824028166e+04 1.070394280755749060e+04 1.325367074527252420e+01 0.000000000000000000e+00
3.303310913717126823e+04 1.072330159329459093e+04 1.327185761957730747e+01 0.000000000000000000e+00
3.309308630971545062e+04 1.074266909207199387e+04 1.329004449388209075e+01 0.000000000000000000e+00
3.315308999273740483e+04 1.076204529760036530e+04 1.330823136818687402e+01 0.000000000000000000e+00
3.321312017062420637e+04 1.078143020360967421e+04 1.332641824249165552e+01 0.000000000000000000e+00
3.327317681043906487e+04 1.080082380384988573e+04 1.334460511679643879e+01 0.000000000000000000e+00
3.333325989662936627e+04 1.082022609208174799e+04 1.336279199110122207e+01 0.000000000000000000e+00
3.339336939640730270e+04 1.083963706208476106e+04 1.338097886540600534e+01 0.000000000000000000e+00
3.345350529426817229e+04 1.085905670765679315e+04 1.339916573971078861e+01 0.000000000000000000e+00
3.351366755757238570e+04 1.087848502260749592e+04 1.341735261401557189e+01 0.000000000000000000e+00
3.357385617094332702e+04 1.089792200076761765e+04 1.343553948832035516e+01 0.000000000000000000e+00
3.363407110190184176e+04 1.091736763598263678e+04 1.345372636262513844e+01 0.000000000000000000e+00
3.369431233512406470e+04 1.093682192210706853e+04 1.347191323692992171e+01 0.000000000000000000e+00
3.375457983821632661e+04 1.095628485302265653e+04 1.349010011123470498e+01 0.000000000000000000e+00
3.381487359602598735e+04 1.097575642261651046e+04 1.350828698553948648e+01 0.000000000000000000e+00
3.387519357627267891e+04 1.099523662479881568e+04 1.352647385984426975e+01 0.000000000000000000e+00
3.393553976385042915e+04 1.101472545348893254e+04 1.354466073414905303e+01 0.000000000000000000e+00
3.399591212666342471e+04 1.103422290262654496e+04 1.356284760845383630e+01 0.000000000000000000e+00
3.405631064967287966e+04 1.105372896616179423e+04 1.358103448275861957e+01 0.000000000000000000e+00
3.411673530088600819e+04 1.107324363806199290e+04 1.359922135706340285e+01 0.000000000000000000e+00
3.417718606538817403e+04 1.109276691231224686e+04 1.361740823136818612e+01 0.000000000000000000e+00
3.423766291131400067e+04 1.111229878290430315e+04 1.363559510567296940e+01 0.000000000000000000e+00
3.429816582384196226e+04 1.113183924385448154e+04 1.365378197997775267e+01 0.000000000000000000e+00
3.435869477121521777e+04 1.115138828918884064e+04 1.367196885428253417e+01 0.000000000000000000e+00
3.441924973870540271e+04 1.117094591294250131e+04 1.369015572858731744e+01 0.000000000000000000e+00
3.447983069471715862e+04 1.119051210917517892e+04 1.370834260289210071e+01 0.000000000000000000e+00
3.454043762457752746e+04 1.121008687195303355e+04 1.372652947719688399e+01 0.000000000000000000e+00
3.460107049685643869e+04 1.122967019535953477e+04 1.374471635150166726e+01 0.000000000000000000e+00
3.466172929692633625e+04 1.124926207349115612e+04 1.376290322580645054e+01 0.000000000000000000e+00
3.472241399346821709e+04 1.126886250046036548e+04 1.378109010011123381e+01 0.000000000000000000e+00
3.478312457198373158e+04 1.128847147038717230e+04 1.379927697441601708e+01 0.000000000000000000e+00
3.484386100124690711e+04 1.130808897741315559e+04 1.381746384872080036e+01 0.000000000000000000e+00
3.490462326686293818e+04 1.132771501568895110e+04 1.383565072302558363e+01 0.000000000000000000e+00
3.496541133768024156e+04 1.134734957937515173e+04 1.385383759733036513e+01 0.000000000000000000e+00
3.502622519948161062e+04 1.136699266265336155e+04 1.387202447163514840e+01 0.000000000000000000e+00
3.508706482124634204e+04 1.138664425971422133e+04 1.389021134593993168e+01 0.000000000000000000e+00
3.514793018877586292e+04 1.140630436475991155e+04 1.390839822024471495e+01 0.000000000000000000e+00
3.520882127113568276e+04 1.142597297201033689e+04 1.392658509454949822e+01 0.000000000000000000e+00
3.526973805427429761e+04 1.144565007569361842e+04 1.394477196885428150e+01 0.000000000000000000e+00
3.533068050733131531e+04 1.146533567005192162e+04 1.396295884315906477e+01 0.000000000000000000e+00
3.539164861639180890e+04 1.148502974933901714e+04 1.398114571746384804e+01 0.000000000000000000e+00
3.545264235068918788e+04 1.150473230782574683e+04 1.399933259176863132e+01 0.000000000000000000e+00
3.551366169638875726e+04 1.152444333978645409e+04 1.401751946607341281e+01 0.000000000000000000e+00
3.557470662292181078e+04 1.154416283952004051e+04 1.403570634037819609e+01 0.000000000000000000e+00
3.563577711646605167e+04 1.156389080132719391e+04 1.405389321468297936e+01 0.000000000000000000e+00
3.569687314650701592e+04 1.158362721952752327e+04 1.407208008898776264e+01 0.000000000000000000e+00
3.575799469935200614e+04 1.160337208844434826e+04 1.409026696329254591e+01 0.000000000000000000e+00
3.581914174464300595e+04 1.162312540242164869e+04 1.410845383759732918e+01 0.000000000000000000e+00
3.588031426878407365e+04 1.164288715581106771e+04 1.412664071190211246e+01 0.000000000000000000e+00
3.594151224151716451e+04 1.166265734297674499e+04 1.414482758620689573e+01 0.000000000000000000e+00
3.600273564928353881e+04 1.168243595829343394e+04 1.416301446051167900e+01 0.000000000000000000e+00
3.606398446194959979e+04 1.170222299614996882e+04 1.418120133481646228e+01 0.000000000000000000e+00
3.612525866604075418e+04 1.172201845094292185e+04 1.419938820912124378e+01 0.000000000000000000e+00
3.618655823158251587e+04 1.174182231708450490e+04 1.421757508342602705e+01 0.000000000000000000e+00
3.624788314513588557e+04 1.176163458899150464e+04 1.423576195773081032e+01 0.000000000000000000e+00
3.630923337685846491e+04 1.178145526109926686e+04 1.425394883203559360e+01 0.000000000000000000e+00
3.637060891337771318e+04 1.180128432784965116e+04 1.427213570634037687e+01 0.000000000000000000e+00
3.643200972496216855e+04 1.182112178369695903e+04 1.429032258064516014e+01 0.000000000000000000e+00
3.649343579832917021e+04 1.184096762310780105e+04 1.430850945494994342e+01 0.000000000000000000e+00
3.655488710388328764e+04 1.186082184055515427e+04 1.432669632925472669e+01 0.000000000000000000e+00
3.661636362836164335e+04 1.188068443052583643e+04 1.434488320355950997e+01 0.000000000000000000e+00
3.667786534230205871e+04 1.190055538751825225e+04 1.436307007786429324e+01 0.000000000000000000e+00
3.673939223256149126e+04 1.192043470603797687e+04 1.438125695216907474e+01 0.000000000000000000e+00
3.680094426982708683e+04 1.194032238060330383e+04 1.439944382647385801e+01 0.000000000000000000e+00
3.686252144090484944e+04 1.196021840574315866e+04 1.441763070077864128e+01 0.000000000000000000e+00
3.692412371663853992e+04 1.198012277599445042e+04 1.443581757508342456e+01 0.000000000000000000e+00
3.698575108391944377e+04 1.200003548590646278e+04 1.445400444938820783e+01 0.000000000000000000e+00
3.704740351371999714e+04 1.201995653003483676e+04 1.447219132369299111e+01 0.000000000000000000e+00
3.710908099298651359e+04 1.203988590295176255e+04 1.449037819799777438e+01 0.000000000000000000e+00
3.717078349284292926e+04 1.205982359923461809e+04 1.450856507230255765e+01 0.000000000000000000e+00
3.723251100028894143e+04 1.207976961346943062e+04 1.452675194660734093e+01 0.000000000000000000e+00
3.729426348648263956e+04 1.209972394025398171e+04 1.454493882091212242e+01 0.000000000000000000e+00
3.735604093858609122e+04 1.211968657419620831e+04 1.456312569521690570e+01 0.000000000000000000e+00
3.741784332782351703e+04 1.213965750991330242e+04 1.458131256952168897e+01 0.000000000000000000e+00
3.747967064145037875e+04 1.215963674203240225e+04 1.459949944382647224e+01 0.000000000000000000e+00
3.754152285082632443e+04 1.217962426518516986e+04 1.461768631813125552e+01 0.000000000000000000e+00
3.760339994321853737e+04 1.219962007402010568e+04 1.463587319243603879e+01 0.000000000000000000e+00
3.766530189009120659e+04 1.221962416318951182e+04 1.465406006674082207e+01 0.000000000000000000e+00
3.772722867884090374e+04 1.223963652735648611e+04 1.467224694104560534e+01 0.000000000000000000e+00
3.778918028098770446e+04 1.225965716119182434e+04 1.469043381535038861e+01 0.000000000000000000e+00
3.785115668405241740e+04 1.227968605938099790e+04 1.470862068965517189e+01 0.000000000000000000e+00
3.791315785965335090e+04 1.229972321660897978e+04 1.472680756395995338e+01 0.000000000000000000e+00
3.797518379535300483e+04 1.231976862757589697e+04 1.474499443826473666e+01 0.000000000000000000e+00
3.803723446285149839e+04 1.233982228699009102e+04 1.476318131256951993e+01 0.000000000000000000e+00
3.809930984980863286e+04 1.235988418956455462e+04 1.478136818687430321e+01 0.000000000000000000e+00
3.816140992806357099e+04 1.237995433002719074e+04 1.479955506117908648e+01 0.000000000000000000e+00
3.822353468530409009e+04 1.240003270311205961e+04 1.481774193548386975e+01 0.000000000000000000e+00
3.828568409350428556e+04 1.242011930355665027e+04 1.483592880978865303e+01 0.000000000000000000e+00
3.834785814038146782e+04 1.244021412611208507e+04 1.485411568409343630e+01 0.000000000000000000e+00
3.841005679799702193e+04 1.246031716553806837e+04 1.487230255839821957e+01 0.000000000000000000e+00
3.847228005423176364e+04 1.248042841659740407e+04 1.489048943270300285e+01 0.000000000000000000e+00
3.853452788118003809e+04 1.250054787406780451e+04 1.490867630700778435e+01 0.000000000000000000e+00
3.859680026679749426e+04 1.252067553272972145e+04 1.492686318131256762e+01 0.000000000000000000e+00
3.865909718327168957e+04 1.254081138737180663e+04 1.494505005561735089e+01 0.000000000000000000e+00
3.872141861869007698e+04 1.256095543279516642e+04 1.496323692992213417e+01 0.000000000000000000e+00
3.878376454525089503e+04 1.258110766380381392e+04 1.498142380422691744e+01 0.000000000000000000e+00
3.884613495109786163e+04 1.260126807521142837e+04 1.499961067853170071e+01 0.000000000000000000e+00
3.890852980859543459e+04 1.262143666183911591e+04 1.501779755283648399e+01 0.000000000000000000e+00
3.897094910598581919e+04 1.264161341851778343e+04 1.503598442714126726e+01 0.000000000000000000e+00
3.903339281565377314e+04 1.266179834008078615e+04 1.505417130144605053e+01 0.000000000000000000e+00
3.909586092596196977e+04 1.268199142137322087e+04 1.507235817575083203e+01 0.000000000000000000e+00
3.915835340940038441e+04 1.270219265724714569e+04 1.509054505005561531e+01 0.000000000000000000e+00
3.922087025433495000e+04 1.272240204255859862e+04 1.510873192436039858e+01 0.000000000000000000e+00
3.928341143337275571e+04 1.274261957217532472e+04 1.512691879866518185e+01 0.000000000000000000e+00
3.934597693495603016e+04 1.276284524097077701e+04 1.514510567296996513e+01 0.000000000000000000e+00
3.940856673181751103e+04 1.278307904382328343e+04 1.516329254727474840e+01 0.000000000000000000e+00
3.947118081247898954e+04 1.280332097561956471e+04 1.518147942157953167e+01 0.000000000000000000e+00
3.953381914970334037e+04 1.282357103125805224e+04 1.519966629588431495e+01 0.000000000000000000e+00
3.959648173211517860e+04 1.284382920563155494e+04 1.521785317018909822e+01 0.000000000000000000e+00
3.965916853253023146e+04 1.286409549365440216e+04 1.523604004449388150e+01 0.000000000000000000e+00
3.972187953967845533e+04 1.288436989024125978e+04 1.525422691879866299e+01 0.000000000000000000e+00
3.978461472647730989e+04 1.290465239030926023e+04 1.527241379310344627e+01 0.000000000000000000e+00
3.984737408171605057e+04 1.292494298878711015e+04 1.529060066740822954e+01 0.000000000000000000e+00
3.991015757836670673e+04 1.294524168061269847e+04 1.530878754171301281e+01 0.000000000000000000e+00
3.997296520532603608e+04 1.296554846072191140e+04 1.532697441601779609e+01 0.000000000000000000e+00
4.003579693569349911e+04 1.298586332406752626e+04 1.534516129032257936e+01 0.000000000000000000e+00
4.009865275835631473e+04 1.300618626560109624e+04 1.536334816462736264e+01 0.000000000000000000e+00
4.016153264655011299e+04 1.302651728027977333e+04 1.538153503893214591e+01 0.000000000000000000e+00
4.022443658925057389e+04 1.304685636307637651e+04 1.539972191323692918e+01 0.000000000000000000e+00
4.028736455964428751e+04 1.306720350895738011e+04 1.541790878754171246e+01 0.000000000000000000e+00
4.035031654693623568e+04 1.308755871290433970e+04 1.543609566184649395e+01 0.000000000000000000e+00
4.041329252431874920e+04 1.310792196990220873e+04 1.545428253615127723e+01 0.000000000000000000e+00
4.047629248106679734e+04 1.312829327494225618e+04 1.547246941045606050e+01 0.000000000000000000e+00
4.053931639054512198e+04 1.314867262302021481e+04 1.549065628476084377e+01 0.000000000000000000e+00
4.060236424200410693e+04 1.316906000914041579e+04 1.550884315906562705e+01 0.000000000000000000e+00
4.066543600886692002e+04 1.318945542830813974e+04 1.552703003337041032e+01 0.000000000000000000e+00
4.072853168052841647e+04 1.320985887554254623e+04 1.554521690767519360e+01 0.000000000000000000e+00
4.079165123045785731e+04 1.323027034586006630e+04 1.556340378197997687e+01 0.000000000000000000e+00
4.085479464812603692e+04 1.325068983428691718e+04 1.558159065628476014e+01 0.000000000000000000e+00
4.091796190715247940e+04 1.327111733585777074e+04 1.559977753058954164e+01 0.000000000000000000e+00
4.098115299695645808e+04 1.329155284560610016e+04 1.561796440489432491e+01 0.000000000000000000e+00
4.104436789124216739e+04 1.331199635857638896e+04 1.563615127919910819e+01 0.000000000000000000e+00
4.110760657957655349e+04 1.333244786981571451e+04 1.565433815350389146e+01 0.000000000000000000e+00
4.117086903576508485e+04 1.335290737437816824e+04 1.567252502780867474e+01 0.000000000000000000e+00
4.123415524935181020e+04 1.337337486732239449e+04 1.569071190211345801e+01 0.000000000000000000e+00
4.129746519423362042e+04 1.339385034371111033e+04 1.570889877641824128e+01 0.000000000000000000e+00
4.136079886016737146e+04 1.341433379861569483e+04 1.572708565072302456e+01 0.000000000000000000e+00
4.142415622095502476e+04 1.343482522710950616e+04 1.574527252502780783e+01 0.000000000000000000e+00
4.148753726638108492e+04 1.345532462427191967e+04 1.576345939933259110e+01 0.000000000000000000e+00
4.155094197050411458e+04 1.347583198518733116e+04 1.578164627363737260e+01 0.000000000000000000e+00
4.161437032309451024e+04 1.349634730494840369e+04 1.579983314794215588e+01 0.000000000000000000e+00
4.167782229827948322e+04 1.351687057864553208e+04 1.581802002224693915e+01 0.000000000000000000e+00
4.174129788588882366e+04 1.353740180137938660e+04 1.583620689655172242e+01 0.000000000000000000e+00
4.180479706013542454e+04 1.355794096825634551e+04 1.585439377085650570e+01 0.000000000000000000e+00
4.186831981094105140e+04 1.357848807438497170e+04 1.587258064516128897e+01 0.000000000000000000e+00
4.193186611261388316e+04 1.359904311487876657e+04 1.589076751946607224e+01 0.000000000000000000e+00
4.199543595508163708e+04 1.361960608485684133e+04 1.590895439377085552e+01 0.000000000000000000e+00
4.205902931275372976e+04 1.364017697944215433e+04 1.592714126807563879e+01 0.000000000000000000e+00
4.212264617561321211e+04 1.366075579376438873e+04 1.594532814238042207e+01 0.000000000000000000e+00
4.218628651815455669e+04 1.368134252295427541e+04 1.596351501668520356e+01 0.000000000000000000e+00
4.224995033038889233e+04 1.370193716214937376e+04 1.598170189098998684e+01 0.000000000000000000e+00
4.231363758696248260e+04 1.372253970649129769e+04 1.599988876529477011e+01 0.000000000000000000e+00
4.237734827795306774e+04 1.374315015112633409e+04 1.601807563959955161e+01 0.000000000000000000e+00
4.244108237799225753e+04 1.376376849120486622e+04 1.603626251390433666e+01 0.000000000000000000e+00
4.250483987724364124e+04 1.378439472188143736e+04 1.605444938820911815e+01 0.000000000000000000e+00
4.256862075046276004e+04 1.380502883831721010e+04 1.607263626251390320e+01 0.000000000000000000e+00
4.263242498783165502e+04 1.382567083567309237e+04 1.609082313681868470e+01 0.000000000000000000e+00
4.269625256422834354e+04 1.384632070911712253e+04 1.610901001112346975e+01 0.000000000000000000e+00
4.276010346985069918e+04 1.386697845382047308e+04 1.612719688542825125e+01 0.000000000000000000e+00
4.282397767966231186e+04 1.388764406495965341e+04 1.614538375973303630e+01 0.000000000000000000e+00
4.288787518391674530e+04 1.390831753771393596e+04 1.616357063403781780e+01 0.000000000000000000e+00
4.295179595769861044e+04 1.392899886726810837e+04 1.618175750834260285e+01 0.000000000000000000e+00
4.301573999124189868e+04 1.394968804880862990e+04 1.619994438264738434e+01 0.000000000000000000e+00
4.307970725981215219e+04 1.397038507752884834e+04 1.621813125695216584e+01 0.000000000000000000e+00
4.314369775363783992e+04 1.399108994862352120e+04 1.623631813125695089e+01 0.000000000000000000e+00
4.320771144805767108e+04 1.401180265728969243e+04 1.625450500556173239e+01 0.000000000000000000e+00
4.327174833332231356e+04 1.403252319873436863e+04 1.627269187986651744e+01 0.000000000000000000e+00
4.333580838487906294e+04 1.405325156816404888e+04 1.629087875417129894e+01 0.000000000000000000e+00
4.339989159309125534e+04 1.407398776078599258e+04 1.630906562847608399e+01 0.000000000000000000e+00
4.346399793345864600e+04 1.409473177181895153e+04 1.632725250278086548e+01 0.000000000000000000e+00
4.352812739638351195e+04 1.411548359647652433e+04 1.634543937708565053e+01 0.000000000000000000e+00
4.359227995736282901e+04 1.413624322998323805e+04 1.636362625139043203e+01 0.000000000000000000e+00
4.365645560695719905e+04 1.415701066756712316e+04 1.638181312569521708e+01 0.000000000000000000e+00
