# nb (fm^-1)   E (MeV)     P (MeV/fm^3)    cs2
1.581000e-11 1.463823e-08 3.102389e-14 3.874784e-06
3.972000e-11 3.677423e-08 1.518088e-13 6.973186e-06
9.976000e-11 9.234033e-08 7.187695e-13 1.301846e-05
2.506000e-10 2.320232e-07 3.288522e-12 2.312798e-05
6.294000e-10 5.828495e-07 1.447521e-11 3.914062e-05
1.581000e-09 1.463823e-06 6.091782e-11 6.542712e-05
3.972000e-09 3.677981e-06 2.442273e-10 8.778395e-05
5.000000e-09 4.629857e-06 3.284167e-10 9.293722e-05
9.976000e-09 9.239615e-06 8.961255e-10 1.433167e-04
1.990000e-08 1.843457e-05 2.393591e-09 1.817461e-04
3.972000e-08 3.678540e-05 6.282269e-09 2.357780e-04
7.924000e-08 7.341447e-05 1.626172e-08 3.108081e-04
1.581000e-07 1.464940e-04 4.169049e-08 3.421617e-04
1.990000e-07 1.844574e-04 5.456677e-08 3.584568e-04
3.155000e-07 2.923738e-04 1.017273e-07 4.755370e-04
5.000000e-07 4.634323e-04 1.891581e-07 5.849510e-04
6.294000e-07 5.834078e-04 2.578495e-07 4.690896e-04
7.924000e-07 7.347030e-04 3.144819e-07 4.295038e-04
9.976000e-07 9.250781e-04 4.283944e-07 6.778138e-04
1.581000e-06 1.466056e-03 7.943278e-07 7.023035e-04
2.506000e-06 2.324698e-03 1.471304e-06 8.765349e-04
3.972000e-06 3.685239e-03 2.723984e-06 8.661050e-04
5.000000e-06 4.640464e-03 3.535730e-06 9.246897e-04
6.294000e-06 5.839661e-03 4.809736e-06 1.128159e-03
7.924000e-06 7.358196e-03 6.544551e-06 1.178595e-03
9.976000e-06 9.306990e-03 8.942341e-06 1.261664e-03
3.155000e-05 2.947494e-02 3.736260e-05 1.583157e-03
9.976000e-05 9.335040e-02 1.626900e-04 2.105218e-03
1.581000e-04 1.481040e-01 2.805000e-04 2.319494e-03
2.572000e-04 2.411739e-01 4.903140e-04 1.633921e-03
3.951000e-04 3.708210e-01 5.710980e-04 2.369441e-04
7.143000e-04 6.709560e-01 7.640820e-04 9.043586e-04
5.000000e-03 4.706527e+00 7.869348e-03 1.908214e-03
1.000000e-02 9.422220e+00 1.620586e-02 2.138940e-03
1.500000e-02 1.414389e+01 2.933205e-02 3.179852e-03
2.000000e-02 1.887051e+01 4.529642e-02 3.613565e-03
2.500000e-02 2.360146e+01 6.359231e-02 4.100184e-03
3.000000e-02 2.833629e+01 8.401581e-02 4.527702e-03
3.500000e-02 3.307472e+01 1.064826e-01 4.953419e-03
4.000000e-02 3.781650e+01 1.309732e-01 5.377270e-03
4.500000e-02 4.256147e+01 1.575083e-01 5.808727e-03
5.000000e-02 4.730951e+01 1.861345e-01 6.251613e-03
5.500000e-02 5.206052e+01 2.169163e-01 6.708830e-03
6.000000e-02 5.681444e+01 2.499310e-01 7.184089e-03
6.500000e-02 6.157120e+01 2.852650e-01 7.673379e-03
7.000000e-02 6.633077e+01 3.230123e-01 8.199189e-03
7.500000e-02 7.109313e+01 3.632720e-01 8.683367e-03
8.000000e-02 7.585826e+01 4.055069e-01 9.018419e-03
8.013030e-02 8.365411e+01 6.054548e+00 1.102042e-01
8.098016e-02 8.460611e+01 6.159727e+00 1.107601e-01
8.183569e-02 8.556558e+01 6.266265e+00 1.113151e-01
8.269691e-02 8.653256e+01 6.374173e+00 1.118692e-01
8.356384e-02 8.750709e+01 6.483463e+00 1.124224e-01
8.443649e-02 8.848921e+01 6.594147e+00 1.129746e-01
8.531489e-02 8.947895e+01 6.706235e+00 1.135258e-01
8.619905e-02 9.047634e+01 6.819740e+00 1.140761e-01
8.708898e-02 9.148143e+01 6.934674e+00 1.146255e-01
8.798471e-02 9.249426e+01 7.051048e+00 1.151739e-01
8.888625e-02 9.351486e+01 7.168874e+00 1.157213e-01
8.979362e-02 9.454326e+01 7.288164e+00 1.162678e-01
9.070683e-02 9.557952e+01 7.408930e+00 1.168133e-01
9.162591e-02 9.662366e+01 7.531183e+00 1.173578e-01
9.255087e-02 9.767572e+01 7.654937e+00 1.179013e-01
9.348173e-02 9.873574e+01 7.780203e+00 1.184438e-01
9.441850e-02 9.980376e+01 7.906993e+00 1.189853e-01
9.536120e-02 1.008798e+02 8.035319e+00 1.195258e-01
9.630986e-02 1.019639e+02 8.165193e+00 1.200653e-01
9.726448e-02 1.030562e+02 8.296629e+00 1.206039e-01
9.822508e-02 1.041566e+02 8.429637e+00 1.211414e-01
9.919169e-02 1.052652e+02 8.564231e+00 1.216778e-01
1.001643e-01 1.063820e+02 8.700423e+00 1.222133e-01
1.011430e-01 1.075071e+02 8.838224e+00 1.227477e-01
1.021277e-01 1.086405e+02 8.977649e+00 1.232812e-01
1.031185e-01 1.097822e+02 9.118709e+00 1.238135e-01
1.041153e-01 1.109323e+02 9.261416e+00 1.243449e-01
1.051183e-01 1.120909e+02 9.405784e+00 1.248752e-01
1.061274e-01 1.132579e+02 9.551825e+00 1.254045e-01
1.071426e-01 1.144334e+02 9.699552e+00 1.259327e-01
1.081640e-01 1.156175e+02 9.848978e+00 1.264599e-01
1.091916e-01 1.168102e+02 1.000011e+01 1.269860e-01
1.102253e-01 1.180114e+02 1.015298e+01 1.275111e-01
1.112653e-01 1.192214e+02 1.030757e+01 1.280352e-01
1.123115e-01 1.204400e+02 1.046392e+01 1.285581e-01
1.133639e-01 1.216674e+02 1.062204e+01 1.290801e-01
1.144226e-01 1.229036e+02 1.078192e+01 1.296009e-01
1.154876e-01 1.241486e+02 1.094360e+01 1.301207e-01
1.165588e-01 1.254025e+02 1.110708e+01 1.306395e-01
1.176364e-01 1.266652e+02 1.127238e+01 1.311571e-01
1.187203e-01 1.279370e+02 1.143950e+01 1.316737e-01
1.198106e-01 1.292177e+02 1.160847e+01 1.321892e-01
1.209072e-01 1.305074e+02 1.177929e+01 1.327037e-01
1.220102e-01 1.318062e+02 1.195198e+01 1.332171e-01
1.231195e-01 1.331141e+02 1.212655e+01 1.337294e-01
1.242353e-01 1.344312e+02 1.230302e+01 1.342406e-01
1.253576e-01 1.357575e+02 1.248140e+01 1.347508e-01
1.264862e-01 1.370930e+02 1.266170e+01 1.352598e-01
1.276214e-01 1.384378e+02 1.284394e+01 1.357678e-01
1.287630e-01 1.397919e+02 1.302812e+01 1.362747e-01
1.299112e-01 1.411553e+02 1.321428e+01 1.367806e-01
1.310658e-01 1.425282e+02 1.340240e+01 1.372853e-01
1.322270e-01 1.439105e+02 1.359252e+01 1.377890e-01
1.333947e-01 1.453023e+02 1.378465e+01 1.382915e-01
1.345690e-01 1.467037e+02 1.397879e+01 1.387930e-01
1.357499e-01 1.481146e+02 1.417497e+01 1.392934e-01
1.369374e-01 1.495351e+02 1.437320e+01 1.397927e-01
1.381315e-01 1.509653e+02 1.457348e+01 1.402910e-01
1.393323e-01 1.524051e+02 1.477584e+01 1.407881e-01
1.405397e-01 1.538548e+02 1.498029e+01 1.412842e-01
1.417538e-01 1.553142e+02 1.518684e+01 1.417791e-01
1.429746e-01 1.567834e+02 1.539551e+01 1.422730e-01
1.442020e-01 1.582625e+02 1.560632e+01 1.427658e-01
1.454363e-01 1.597516e+02 1.581927e+01 1.432574e-01
1.466772e-01 1.612505e+02 1.603438e+01 1.437480e-01
1.479249e-01 1.627595e+02 1.625166e+01 1.442375e-01
1.491794e-01 1.642786e+02 1.647113e+01 1.447260e-01
1.504407e-01 1.658077e+02 1.669281e+01 1.452133e-01
1.517088e-01 1.673470e+02 1.691671e+01 1.456995e-01
1.529837e-01 1.688964e+02 1.714284e+01 1.461847e-01
1.542654e-01 1.704561e+02 1.737122e+01 1.466687e-01
1.555541e-01 1.720260e+02 1.760186e+01 1.471517e-01
1.568496e-01 1.736063e+02 1.783477e+01 1.476336e-01
1.581520e-01 1.751969e+02 1.806998e+01 1.481144e-01
1.594613e-01 1.767979e+02 1.830750e+01 1.485941e-01
1.607775e-01 1.784093e+02 1.854734e+01 1.490727e-01
1.621007e-01 1.800313e+02 1.878951e+01 1.495502e-01
1.634309e-01 1.816637e+02 1.903404e+01 1.500267e-01
1.647680e-01 1.833068e+02 1.928093e+01 1.505020e-01
1.661122e-01 1.849605e+02 1.953021e+01 1.509763e-01
1.674633e-01 1.866248e+02 1.978188e+01 1.514495e-01
1.688215e-01 1.882999e+02 2.003596e+01 1.519216e-01
1.701868e-01 1.899857e+02 2.029247e+01 1.523926e-01
1.715591e-01 1.916824e+02 2.055143e+01 1.528626e-01
1.729385e-01 1.933898e+02 2.081284e+01 1.533314e-01
1.743250e-01 1.951082e+02 2.107673e+01 1.537992e-01
1.757186e-01 1.968376e+02 2.134310e+01 1.542659e-01
1.771194e-01 1.985779e+02 2.161198e+01 1.547315e-01
1.785273e-01 2.003293e+02 2.188338e+01 1.551961e-01
1.799424e-01 2.020917e+02 2.215731e+01 1.556596e-01
1.813647e-01 2.038653e+02 2.243379e+01 1.561220e-01
1.827942e-01 2.056500e+02 2.271285e+01 1.565833e-01
1.842309e-01 2.074460e+02 2.299448e+01 1.570436e-01
1.856748e-01 2.092532e+02 2.327871e+01 1.575027e-01
1.871260e-01 2.110718e+02 2.356556e+01 1.579609e-01
1.885845e-01 2.129017e+02 2.385503e+01 1.584179e-01
1.900503e-01 2.147431e+02 2.414715e+01 1.588739e-01
1.915234e-01 2.165958e+02 2.444193e+01 1.593288e-01
1.930038e-01 2.184601e+02 2.473939e+01 1.597827e-01
1.944916e-01 2.203360e+02 2.503955e+01 1.602355e-01
1.959867e-01 2.222234e+02 2.534241e+01 1.606872e-01
1.974892e-01 2.241225e+02 2.564800e+01 1.611379e-01
1.989991e-01 2.260333e+02 2.595633e+01 1.615875e-01
2.005164e-01 2.279559e+02 2.626742e+01 1.620361e-01
2.020412e-01 2.298902e+02 2.658128e+01 1.624836e-01
2.035734e-01 2.318364e+02 2.689794e+01 1.629301e-01
2.051130e-01 2.337944e+02 2.721740e+01 1.633755e-01
2.066602e-01 2.357644e+02 2.753969e+01 1.638199e-01
2.082148e-01 2.377464e+02 2.786481e+01 1.642632e-01
2.097770e-01 2.397404e+02 2.819280e+01 1.647055e-01
2.113466e-01 2.417465e+02 2.852366e+01 1.651467e-01
2.129239e-01 2.437647e+02 2.885740e+01 1.655869e-01
2.145087e-01 2.457951e+02 2.919406e+01 1.660261e-01
2.161011e-01 2.478377e+02 2.953363e+01 1.664642e-01
2.177011e-01 2.498926e+02 2.987615e+01 1.669013e-01
2.193087e-01 2.519599e+02 3.022163e+01 1.673373e-01
2.209240e-01 2.540395e+02 3.057008e+01 1.677724e-01
2.225469e-01 2.561315e+02 3.092152e+01 1.682064e-01
2.241775e-01 2.582360e+02 3.127597e+01 1.686393e-01
2.258157e-01 2.603530e+02 3.163344e+01 1.690713e-01
2.274617e-01 2.624827e+02 3.199395e+01 1.695022e-01
2.291154e-01 2.646249e+02 3.235753e+01 1.699321e-01
2.307769e-01 2.667798e+02 3.272418e+01 1.703610e-01
2.324461e-01 2.689474e+02 3.309393e+01 1.707889e-01
2.341231e-01 2.711279e+02 3.346678e+01 1.712157e-01
2.358078e-01 2.733211e+02 3.384277e+01 1.716416e-01
2.375004e-01 2.755272e+02 3.422190e+01 1.720664e-01
2.392008e-01 2.777463e+02 3.460419e+01 1.724902e-01
2.409091e-01 2.799783e+02 3.498967e+01 1.729131e-01
2.426252e-01 2.822233e+02 3.537834e+01 1.733349e-01
2.443492e-01 2.844815e+02 3.577023e+01 1.737557e-01
2.460811e-01 2.867527e+02 3.616535e+01 1.741755e-01
2.478209e-01 2.890372e+02 3.656372e+01 1.745944e-01
2.495686e-01 2.913348e+02 3.696537e+01 1.750122e-01
2.513243e-01 2.936458e+02 3.737029e+01 1.754290e-01
2.530879e-01 2.959701e+02 3.777853e+01 1.758449e-01
2.548595e-01 2.983078e+02 3.819009e+01 1.762598e-01
2.566392e-01 3.006589e+02 3.860498e+01 1.766737e-01
2.584268e-01 3.030236e+02 3.902324e+01 1.770866e-01
2.602225e-01 3.054017e+02 3.944487e+01 1.774985e-01
2.620262e-01 3.077935e+02 3.986990e+01 1.779094e-01
2.638380e-01 3.101989e+02 4.029834e+01 1.783194e-01
2.656579e-01 3.126180e+02 4.073021e+01 1.787284e-01
2.674859e-01 3.150509e+02 4.116553e+01 1.791365e-01
2.693220e-01 3.174976e+02 4.160431e+01 1.795435e-01
2.711662e-01 3.199581e+02 4.204659e+01 1.799497e-01
2.730186e-01 3.224325e+02 4.249237e+01 1.803548e-01
2.748792e-01 3.249210e+02 4.294167e+01 1.807590e-01
2.767479e-01 3.274234e+02 4.339451e+01 1.811622e-01
2.786249e-01 3.299399e+02 4.385091e+01 1.815645e-01
2.805100e-01 3.324705e+02 4.431089e+01 1.819658e-01
2.824035e-01 3.350153e+02 4.477447e+01 1.823662e-01
2.843052e-01 3.375744e+02 4.524166e+01 1.827656e-01
2.862151e-01 3.401477e+02 4.571249e+01 1.831641e-01
2.881334e-01 3.427354e+02 4.618697e+01 1.835617e-01
2.900599e-01 3.453374e+02 4.666513e+01 1.839583e-01
2.919948e-01 3.479539e+02 4.714698e+01 1.843540e-01
2.939380e-01 3.505849e+02 4.763253e+01 1.847487e-01
2.958896e-01 3.532305e+02 4.812182e+01 1.851425e-01
2.978496e-01 3.558907e+02 4.861485e+01 1.855354e-01
2.998179e-01 3.585655e+02 4.911166e+01 1.859273e-01
3.017947e-01 3.612551e+02 4.961225e+01 1.863184e-01
3.037799e-01 3.639594e+02 5.011664e+01 1.867085e-01
3.057736e-01 3.666786e+02 5.062486e+01 1.870977e-01
3.077757e-01 3.694126e+02 5.113693e+01 1.874860e-01
3.097863e-01 3.721616e+02 5.165286e+01 1.878733e-01
3.118054e-01 3.749256e+02 5.217267e+01 1.882598e-01
3.138330e-01 3.777046e+02 5.269639e+01 1.886454e-01
3.158691e-01 3.804988e+02 5.322403e+01 1.890300e-01
3.179138e-01 3.833081e+02 5.375561e+01 1.894138e-01
3.199671e-01 3.861326e+02 5.429116e+01 1.897966e-01
3.220289e-01 3.889724e+02 5.483069e+01 1.901786e-01
3.240994e-01 3.918275e+02 5.537421e+01 1.905596e-01
3.261784e-01 3.946981e+02 5.592176e+01 1.909398e-01
3.282661e-01 3.975840e+02 5.647336e+01 1.913191e-01
3.303625e-01 4.004855e+02 5.702901e+01 1.916975e-01
3.324675e-01 4.034025e+02 5.758874e+01 1.920750e-01
3.345813e-01 4.063351e+02 5.815258e+01 1.924516e-01
3.367037e-01 4.092834e+02 5.872053e+01 1.928274e-01
3.388348e-01 4.122474e+02 5.929263e+01 1.932023e-01
3.409747e-01 4.152272e+02 5.986889e+01 1.935763e-01
3.431234e-01 4.182228e+02 6.044934e+01 1.939494e-01
3.452808e-01 4.212343e+02 6.103398e+01 1.943217e-01
3.474470e-01 4.242618e+02 6.162285e+01 1.946931e-01
3.496220e-01 4.273053e+02 6.221596e+01 1.950637e-01
3.518058e-01 4.303648e+02 6.281333e+01 1.954334e-01
3.539985e-01 4.334405e+02 6.341499e+01 1.958022e-01
3.562001e-01 4.365324e+02 6.402096e+01 1.961702e-01
3.584105e-01 4.396405e+02 6.463125e+01 1.965373e-01
3.606298e-01 4.427649e+02 6.524588e+01 1.969036e-01
3.628581e-01 4.459057e+02 6.586489e+01 1.972691e-01
3.650952e-01 4.490629e+02 6.648828e+01 1.976337e-01
3.673413e-01 4.522365e+02 6.711608e+01 1.979974e-01
3.695964e-01 4.554267e+02 6.774830e+01 1.983604e-01
3.718605e-01 4.586335e+02 6.838498e+01 1.987225e-01
3.741335e-01 4.618569e+02 6.902614e+01 1.990837e-01
3.764156e-01 4.650971e+02 6.967178e+01 1.994441e-01
3.787067e-01 4.683540e+02 7.032194e+01 1.998038e-01
3.810068e-01 4.716277e+02 7.097663e+01 2.001625e-01
3.833160e-01 4.749183e+02 7.163588e+01 2.005205e-01
3.856343e-01 4.782259e+02 7.229971e+01 2.008777e-01
3.879617e-01 4.815505e+02 7.296813e+01 2.012340e-01
3.902983e-01 4.848921e+02 7.364118e+01 2.015895e-01
3.926439e-01 4.882509e+02 7.431887e+01 2.019442e-01
3.949987e-01 4.916268e+02 7.500122e+01 2.022981e-01
3.973627e-01 4.950200e+02 7.568826e+01 2.026512e-01
3.997359e-01 4.984305e+02 7.638000e+01 2.030035e-01
4.021183e-01 5.018584e+02 7.707648e+01 2.033550e-01
4.045099e-01 5.053037e+02 7.777770e+01 2.037058e-01
4.069107e-01 5.087665e+02 7.848369e+01 2.040557e-01
4.093208e-01 5.122468e+02 7.919448e+01 2.044048e-01
4.117402e-01 5.157447e+02 7.991009e+01 2.047531e-01
4.141688e-01 5.192603e+02 8.063053e+01 2.051007e-01
4.166068e-01 5.227937e+02 8.135583e+01 2.054474e-01
4.190541e-01 5.263448e+02 8.208601e+01 2.057934e-01
4.215107e-01 5.299138e+02 8.282110e+01 2.061386e-01
4.239767e-01 5.335007e+02 8.356112e+01 2.064831e-01
4.264521e-01 5.371055e+02 8.430608e+01 2.068267e-01
4.289368e-01 5.407284e+02 8.505601e+01 2.071696e-01
4.314310e-01 5.443694e+02 8.581094e+01 2.075118e-01
4.339346e-01 5.480286e+02 8.657088e+01 2.078531e-01
4.364477e-01 5.517059e+02 8.733586e+01 2.081937e-01
4.389702e-01 5.554016e+02 8.810591e+01 2.085336e-01
4.415022e-01 5.591156e+02 8.888103e+01 2.088727e-01
4.440437e-01 5.628480e+02 8.966126e+01 2.092110e-01
4.465947e-01 5.665989e+02 9.044662e+01 2.095486e-01
4.491552e-01 5.703683e+02 9.123714e+01 2.098855e-01
4.517253e-01 5.741563e+02 9.203282e+01 2.102215e-01
4.543050e-01 5.779630e+02 9.283371e+01 2.105569e-01
4.568942e-01 5.817884e+02 9.363981e+01 2.108915e-01
4.594931e-01 5.856326e+02 9.445116e+01 2.112254e-01
4.621015e-01 5.894956e+02 9.526777e+01 2.115585e-01
4.647196e-01 5.933776e+02 9.608968e+01 2.118909e-01
4.673474e-01 5.972785e+02 9.691689e+01 2.122226e-01
4.699848e-01 6.011984e+02 9.774944e+01 2.125536e-01
4.726319e-01 6.051375e+02 9.858736e+01 2.128838e-01
4.752887e-01 6.090957e+02 9.943065e+01 2.132133e-01
4.779553e-01 6.130732e+02 1.002794e+02 2.135421e-01
4.806315e-01 6.170699e+02 1.011335e+02 2.138701e-01
4.833176e-01 6.210860e+02 1.019931e+02 2.141975e-01
4.860134e-01 6.251215e+02 1.028581e+02 2.145241e-01
4.887189e-01 6.291766e+02 1.037287e+02 2.148501e-01
4.914343e-01 6.332511e+02 1.046048e+02 2.151753e-01
4.941596e-01 6.373453e+02 1.054864e+02 2.154998e-01
4.968946e-01 6.414592e+02 1.063736e+02 2.158236e-01
4.996396e-01 6.455928e+02 1.072664e+02 2.161468e-01
5.023944e-01 6.497462e+02 1.081648e+02 2.164692e-01
5.051591e-01 6.539195e+02 1.090689e+02 2.167909e-01
5.079337e-01 6.581127e+02 1.099786e+02 2.171120e-01
5.107182e-01 6.623260e+02 1.108940e+02 2.174323e-01
5.135127e-01 6.665593e+02 1.118152e+02 2.177520e-01
5.163172e-01 6.708128e+02 1.127421e+02 2.180710e-01
5.191316e-01 6.750864e+02 1.136747e+02 2.183893e-01
5.219560e-01 6.793804e+02 1.146131e+02 2.187069e-01
5.247904e-01 6.836947e+02 1.155574e+02 2.190238e-01
5.276349e-01 6.880293e+02 1.165075e+02 2.193401e-01
5.304894e-01 6.923845e+02 1.174634e+02 2.196557e-01
5.333540e-01 6.967602e+02 1.184252e+02 2.199707e-01
5.362287e-01 7.011564e+02 1.193930e+02 2.202849e-01
5.391135e-01 7.055734e+02 1.203667e+02 2.205985e-01
5.420083e-01 7.100111e+02 1.213463e+02 2.209115e-01
5.449134e-01 7.144696e+02 1.223319e+02 2.212237e-01
5.478285e-01 7.189489e+02 1.233236e+02 2.215354e-01
5.507539e-01 7.234492e+02 1.243213e+02 2.218463e-01
5.536894e-01 7.279705e+02 1.253250e+02 2.221567e-01
5.566351e-01 7.325129e+02 1.263348e+02 2.224663e-01
5.595911e-01 7.370764e+02 1.273508e+02 2.227754e-01
5.625573e-01 7.416612e+02 1.283728e+02 2.230837e-01
5.655338e-01 7.462672e+02 1.294011e+02 2.233915e-01
5.685205e-01 7.508945e+02 1.304355e+02 2.236986e-01
5.715175e-01 7.555433e+02 1.314761e+02 2.240050e-01
5.745248e-01 7.602135e+02 1.325230e+02 2.243109e-01
5.775425e-01 7.649053e+02 1.335761e+02 2.246160e-01
5.805704e-01 7.696187e+02 1.346355e+02 2.249206e-01
5.836088e-01 7.743538e+02 1.357013e+02 2.252245e-01
5.866575e-01 7.791106e+02 1.367734e+02 2.255279e-01
5.897166e-01 7.838893e+02 1.378518e+02 2.258305e-01
5.927862e-01 7.886899e+02 1.389367e+02 2.261326e-01
5.958661e-01 7.935124e+02 1.400279e+02 2.264340e-01
5.989565e-01 7.983570e+02 1.411256e+02 2.267349e-01
6.020574e-01 8.032236e+02 1.422298e+02 2.270351e-01
6.051687e-01 8.081124e+02 1.433405e+02 2.273347e-01
6.082906e-01 8.130235e+02 1.444576e+02 2.276337e-01
6.114229e-01 8.179569e+02 1.455814e+02 2.279321e-01
6.145658e-01 8.229126e+02 1.467117e+02 2.282298e-01
6.177192e-01 8.278908e+02 1.478486e+02 2.285272e-01
6.208832e-01 8.328916e+02 1.489922e+02 2.288236e-01
6.240578e-01 8.379149e+02 1.501423e+02 2.291171e-01
