# nb (fm^-1)   E (MeV)     P (MeV/fm^3)    cs2
1.581000e-11 1.463823e-08 3.102389e-14 3.874784e-06
3.972000e-11 3.677423e-08 1.518088e-13 6.973186e-06
9.976000e-11 9.234033e-08 7.187695e-13 1.301846e-05
2.506000e-10 2.320232e-07 3.288522e-12 2.312798e-05
6.294000e-10 5.828495e-07 1.447521e-11 3.914062e-05
1.581000e-09 1.463823e-06 6.091782e-11 6.542712e-05
3.972000e-09 3.677981e-06 2.442273e-10 8.778395e-05
5.000000e-09 4.629857e-06 3.284167e-10 9.293722e-05
9.976000e-09 9.239615e-06 8.961255e-10 1.433167e-04
1.990000e-08 1.843457e-05 2.393591e-09 1.817461e-04
3.972000e-08 3.678540e-05 6.282269e-09 2.357780e-04
7.924000e-08 7.341447e-05 1.626172e-08 3.108081e-04
1.581000e-07 1.464940e-04 4.169049e-08 3.421617e-04
1.990000e-07 1.844574e-04 5.456677e-08 3.584568e-04
3.155000e-07 2.923738e-04 1.017273e-07 4.755370e-04
5.000000e-07 4.634323e-04 1.891581e-07 5.849510e-04
6.294000e-07 5.834078e-04 2.578495e-07 4.690896e-04
7.924000e-07 7.347030e-04 3.144819e-07 4.295038e-04
9.976000e-07 9.250781e-04 4.283944e-07 6.778138e-04
1.581000e-06 1.466056e-03 7.943278e-07 7.023035e-04
2.506000e-06 2.324698e-03 1.471304e-06 8.765349e-04
3.972000e-06 3.685239e-03 2.723984e-06 8.661050e-04
5.000000e-06 4.640464e-03 3.535730e-06 9.246897e-04
6.294000e-06 5.839661e-03 4.809736e-06 1.128159e-03
7.924000e-06 7.358196e-03 6.544551e-06 1.178595e-03
9.976000e-06 9.306990e-03 8.942341e-06 1.261664e-03
3.155000e-05 2.947494e-02 3.736260e-05 1.583157e-03
9.976000e-05 9.335040e-02 1.626900e-04 2.105218e-03
1.581000e-04 1.481040e-01 2.805000e-04 2.319494e-03
2.572000e-04 2.411739e-01 4.903140e-04 1.633921e-03
3.951000e-04 3.708210e-01 5.710980e-04 2.369441e-04
7.143000e-04 6.709560e-01 7.640820e-04 9.043586e-04
5.000000e-03 4.706527e+00 7.869348e-03 1.908214e-03
1.000000e-02 9.422220e+00 1.620586e-02 2.138940e-03
1.500000e-02 1.414389e+01 2.933205e-02 3.179852e-03
2.000000e-02 1.887051e+01 4.529642e-02 3.613565e-03
2.500000e-02 2.360146e+01 6.359231e-02 4.100184e-03
3.000000e-02 2.833629e+01 8.401581e-02 4.527702e-03
3.500000e-02 3.307472e+01 1.064826e-01 4.953419e-03
4.000000e-02 3.781650e+01 1.309732e-01 5.377270e-03
4.500000e-02 4.256147e+01 1.575083e-01 5.808727e-03
5.000000e-02 4.730951e+01 1.861345e-01 6.251613e-03
5.500000e-02 5.206052e+01 2.169163e-01 6.708830e-03
6.000000e-02 5.681444e+01 2.499310e-01 7.184089e-03
6.500000e-02 6.157120e+01 2.852650e-01 7.673379e-03
7.000000e-02 6.633077e+01 3.230123e-01 8.199189e-03
7.500000e-02 7.109313e+01 3.632720e-01 8.683367e-03
8.000000e-02 7.585826e+01 4.055069e-01 9.018419e-03
5.277145e-04 4.958840e-01 2.314286e-04 6.630129e-04
9.875815e-04 9.283291e-01 5.969078e-04 1.011176e-03
1.658049e-03 1.559178e+00 1.351253e-03 1.346236e-03
2.578822e-03 2.426089e+00 2.654051e-03 1.655992e-03
3.789602e-03 3.566820e+00 4.743433e-03 1.985762e-03
5.330093e-03 5.019223e+00 7.855552e-03 2.287759e-03
7.239999e-03 6.821243e+00 1.224920e-02 2.573918e-03
9.559023e-03 9.010907e+00 1.818144e-02 2.832669e-03
1.232687e-02 1.162632e+01 2.591128e-02 3.067799e-03
1.558324e-02 1.470565e+01 3.570260e-02 3.283640e-03
1.936784e-02 1.828713e+01 4.784495e-02 3.491982e-03
2.372037e-02 2.240909e+01 6.269234e-02 3.710843e-03
2.868053e-02 2.710991e+01 8.072890e-02 3.966297e-03
3.428804e-02 3.242811e+01 1.026684e-01 4.293326e-03
4.058259e-02 3.840235e+01 1.295971e-01 4.737098e-03
4.760388e-02 4.507155e+01 1.631699e-01 5.354169e-03
5.539162e-02 5.247493e+01 2.058711e-01 6.213773e-03
6.398552e-02 6.065222e+01 2.613540e-01 7.399107e-03
7.342527e-02 6.964377e+01 3.348726e-01 9.008584e-03
8.375058e-02 7.949080e+01 4.338213e-01 1.115708e-02
9.500115e-02 9.023574e+01 5.684029e-01 1.397679e-02
1.072167e-01 1.019225e+02 7.524403e-01 1.761889e-02
1.204369e-01 1.145970e+02 1.004358e+00 2.225112e-02
1.347015e-01 1.283077e+02 1.348351e+00 2.806846e-02
1.500501e-01 1.431061e+02 1.815784e+00 3.525561e-02
1.665226e-01 1.590477e+02 2.446753e+00 4.411384e-02
1.841585e-01 1.761927e+02 3.292313e+00 5.462574e-02
2.029976e-01 1.946073e+02 4.415275e+00 6.787940e-02
2.230796e-01 2.143645e+02 5.898766e+00 8.153233e-02
2.444442e-01 2.355459e+02 7.823682e+00 1.034233e-01
2.670367e-01 2.581557e+02 1.062653e+01 1.482047e-01
2.903002e-01 2.817376e+02 1.477992e+01 2.029194e-01
3.136752e-01 3.058207e+02 2.030366e+01 2.560077e-01
3.367853e-01 3.300862e+02 2.717558e+01 3.105256e-01
3.593844e-01 3.543196e+02 3.536832e+01 3.657440e-01
3.813184e-01 3.783785e+02 4.483315e+01 4.211371e-01
4.024991e-01 4.021699e+02 5.550648e+01 4.760938e-01
4.228835e-01 4.256362e+02 6.731197e+01 5.299731e-01
4.424612e-01 4.487447e+02 8.016408e+01 5.821683e-01
4.612432e-01 4.714801e+02 9.397069e+01 6.320924e-01
4.792557e-01 4.938402e+02 1.086351e+02 6.791885e-01
4.965342e-01 5.158318e+02 1.240578e+02 7.229290e-01
5.131203e-01 5.374686e+02 1.401374e+02 7.628215e-01
5.290585e-01 5.587687e+02 1.567717e+02 7.984161e-01
5.443951e-01 5.797538e+02 1.738585e+02 8.293164e-01
5.591760e-01 6.004477e+02 1.912963e+02 8.551906e-01
5.734466e-01 6.208757e+02 2.089853e+02 8.757837e-01
5.872508e-01 6.410641e+02 2.268278e+02 8.909276e-01
6.006306e-01 6.610393e+02 2.447294e+02 9.005490e-01
6.136262e-01 6.808282e+02 2.626000e+02 9.046740e-01
6.262753e-01 7.004570e+02 2.803542e+02 9.034283e-01
6.386139e-01 7.199520e+02 2.979123e+02 8.970334e-01
6.506754e-01 7.393385e+02 3.152015e+02 8.857992e-01
6.624913e-01 7.586416e+02 3.321556e+02 8.701122e-01
6.740913e-01 7.778853e+02 3.487165e+02 8.504222e-01
6.855028e-01 7.970932e+02 3.648338e+02 8.272262e-01
6.967516e-01 8.162880e+02 3.804654e+02 8.010516e-01
7.078619e-01 8.354916e+02 3.955771e+02 7.724403e-01
7.188562e-01 8.547251e+02 4.101430e+02 7.419328e-01
7.297554e-01 8.740091e+02 4.241447e+02 7.100544e-01
7.405792e-01 8.933632e+02 4.375710e+02 6.773035e-01
7.513460e-01 9.128064e+02 4.504176e+02 6.441419e-01
7.620731e-01 9.323571e+02 4.626863e+02 6.109880e-01
7.727765e-01 9.520330e+02 4.743844e+02 5.782122e-01
7.834713e-01 9.718512e+02 4.855238e+02 5.461345e-01
7.941717e-01 9.918283e+02 4.961210e+02 5.150244e-01
8.048910e-01 1.011980e+03 5.061956e+02 4.851015e-01
8.156417e-01 1.032322e+03 5.157702e+02 4.565386e-01
8.264357e-01 1.052870e+03 5.248696e+02 4.294650e-01
8.372840e-01 1.073637e+03 5.335205e+02 4.039703e-01
8.481971e-01 1.094639e+03 5.417505e+02 3.801095e-01
8.591849e-01 1.115888e+03 5.495883e+02 3.579069e-01
8.702569e-01 1.137399e+03 5.570627e+02 3.373609e-01
8.814218e-01 1.159184e+03 5.642027e+02 3.184487e-01
8.926881e-01 1.181256e+03 5.710372e+02 3.011299e-01
9.040639e-01 1.203628e+03 5.775943e+02 2.853502e-01
9.155567e-01 1.226312e+03 5.839018e+02 2.710451e-01
9.271738e-01 1.249319e+03 5.899865e+02 2.581422e-01
9.389222e-01 1.272663e+03 5.958745e+02 2.465644e-01
9.508085e-01 1.296354e+03 6.015908e+02 2.362314e-01
9.628390e-01 1.320404e+03 6.071593e+02 2.270617e-01
9.750197e-01 1.344824e+03 6.126030e+02 2.189741e-01
9.873566e-01 1.369625e+03 6.179437e+02 2.118886e-01
9.998553e-01 1.394818e+03 6.232022e+02 2.057276e-01
1.012521e+00 1.420414e+03 6.283982e+02 2.004164e-01
1.025359e+00 1.446424e+03 6.335503e+02 1.958834e-01
1.038374e+00 1.472859e+03 6.386763e+02 1.920612e-01
1.051572e+00 1.499729e+03 6.437927e+02 1.888858e-01
1.064956e+00 1.527044e+03 6.489155e+02 1.862977e-01
1.078532e+00 1.554815e+03 6.540594e+02 1.842410e-01
1.092303e+00 1.583052e+03 6.592385e+02 1.826640e-01
1.106275e+00 1.611767e+03 6.644661e+02 1.815190e-01
1.120451e+00 1.640968e+03 6.697547e+02 1.807615e-01
1.134835e+00 1.670666e+03 6.751161e+02 1.803514e-01
1.149431e+00 1.700872e+03 6.805615e+02 1.802504e-01
1.164243e+00 1.731596e+03 6.861016e+02 1.804280e-01
1.179275e+00 1.762848e+03 6.917462e+02 1.808430e-01
1.194530e+00 1.794638e+03 6.975048e+02 1.814911e-01
1.210012e+00 1.826976e+03 7.033870e+02 1.823106e-01
1.225725e+00 1.859873e+03 7.093992e+02 1.832133e-01
