0.1 300.0 0.3189702091775409 
0.12 300.0 0.3204364691623662 
0.14 300.0 0.32189808075673987 
0.16 300.0 0.323355051340614 
0.18 300.0 0.32480738829394074 
0.19999999999999998 300.0 0.32625509899667204 
0.21999999999999997 300.0 0.32769819082876006 
0.24 300.0 0.3291366711701569 
0.26 300.0 0.3305705474008146 
0.27999999999999997 300.0 0.33199982690068525 
0.3 300.0 0.3334245170497209 
0.1 320.0 0.3766484045237434 
0.12 320.0 0.3782560344128865 
0.14 320.0 0.3798583024445629 
0.16 320.0 0.38145521757530115 
0.18 320.0 0.38304678876162945 
0.19999999999999998 320.0 0.38463302496007684 
0.21999999999999997 320.0 0.38621393512717156 
0.24 320.0 0.3877895282194421 
0.26 320.0 0.38935981319341706 
0.27999999999999997 320.0 0.39092479900562466 
0.3 320.0 0.39248449461259394 
0.1 340.0 0.44026821816577716 
0.12 340.0 0.44201917658451856 
0.14 340.0 0.44376400676526984 
0.16 340.0 0.44550271945105513 
0.18 340.0 0.44723532538489763 
0.19999999999999998 340.0 0.4489618353098208 
0.21999999999999997 340.0 0.45068225996884875 
0.24 340.0 0.46053134904683446 
0.26 340.0 0.4623503246319186 
0.27999999999999997 340.0 0.4641630539818762 
0.3 340.0 0.4659695478397305 
0.1 360.0 0.5100025700559455 
0.12 360.0 0.5118983644882779 
0.14 360.0 0.5225950539949098 
0.16 360.0 0.5245992489220374 
0.18 360.0 0.5265963005955717 
0.19999999999999998 360.0 0.5285862217680698 
0.21999999999999997 360.0 0.5305690251920887 
0.24 360.0 0.5325447236201859 
0.26 360.0 0.5345133298049182 
0.27999999999999997 360.0 0.536474856498843 
0.3 360.0 0.5384293164545177 
0.1 380.0 0.5959197908118664 
0.12 380.0 0.5980952582387529 
0.14 380.0 0.6002626550222322 
0.16 380.0 0.6024219961605529 
0.18 380.0 0.6045732966519646 
0.19999999999999998 380.0 0.6067165714947165 
0.21999999999999997 380.0 0.6088518356870581 
0.24 380.0 0.6109791042272384 
0.26 380.0 0.6130983921135068 
0.27999999999999997 380.0 0.6152097143441125 
0.3 380.0 0.6173130859173048 
0.1 400.0 0.6798523713431083 
0.12 400.0 0.6821858104044584 
0.14 400.0 0.684510222798814 
0.16 400.0 0.6868256260193948 
0.18 400.0 0.6891320375594207 
0.19999999999999998 400.0 0.6914294749121113 
0.21999999999999997 400.0 0.6937179555706863 
0.24 400.0 0.6959974970283657 
0.26 400.0 0.6982681167783691 
0.27999999999999997 400.0 0.7005298323139161 
0.3 400.0 0.7027826611282264 
0.1 420.0 0.7705248312286606 
0.12 420.0 0.7730168938011167 
0.14 420.0 0.7754989200351516 
0.16 420.0 0.7779709301813542 
0.18 420.0 0.780432944490313 
0.19999999999999998 420.0 0.7828849832126165 
0.21999999999999997 420.0 0.785327066598853 
0.24 420.0 0.7877592148996113 
0.26 420.0 0.79018144836548 
0.27999999999999997 420.0 0.7925937872470472 
0.3 420.0 0.7949962517949014 
0.1 440.0 0.8680960793741356 
0.12 440.0 0.8707470751811075 
0.14 440.0 0.873386971880674 
0.16 440.0 0.8760157927563098 
0.18 440.0 0.878633561091491 
0.19999999999999998 440.0 0.8812403001696922 
0.21999999999999997 440.0 0.8838360332743895 
0.24 440.0 0.8864207836890583 
0.26 440.0 0.8889945746971744 
0.27999999999999997 440.0 0.8915574295822125 
0.3 440.0 0.8941093716276484 
0.1 460.0 0.972722785547861 
0.12 460.0 0.9755327098278009 
0.14 460.0 0.9783304197360896 
0.16 460.0 0.9811159418777269 
0.18 460.0 0.9838893028577133 
0.19999999999999998 460.0 0.98665052928105 
0.21999999999999997 460.0 0.989399647752737 
0.24 460.0 0.9921366848777753 
0.26 460.0 0.9948616672611649 
0.27999999999999997 460.0 0.997574621507907 
0.3 460.0 1.0002755742230016 
0.1 480.0 1.0845600013396548 
0.12 480.0 1.0875285604236216 
0.14 480.0 1.0904837380245402 
0.16 480.0 1.093425564370695 
0.18 480.0 1.096354069690369 
0.19999999999999998 480.0 1.099269284211846 
0.21999999999999997 480.0 1.1021712381634108 
0.24 480.0 1.1050599617733456 
0.26 480.0 1.1079354852699352 
0.27999999999999997 480.0 1.1306908478976299 
0.3 480.0 1.1337325126674678 
0.1 500.0 1.2037616667539504 
0.12 500.0 1.2068883016772223 
0.14 500.0 1.2100003368474723 
0.16 500.0 1.2130978064311453 
0.18 500.0 1.2161807445946862 
0.19999999999999998 500.0 1.21924918550454 
0.21999999999999997 500.0 1.2438074383059818 
0.24 500.0 1.247053323097959 
0.26 500.0 1.2502843320020005 
0.27999999999999997 500.0 1.2535004991845522 
0.3 500.0 1.2567018588120575 
0.1 300.0 0.3189702091775409 
0.12 300.0 0.3204364691623662 
0.14 300.0 0.32189808075673987 
0.16 300.0 0.323355051340614 
0.18 300.0 0.32480738829394074 
0.19999999999999998 300.0 0.32625509899667204 
0.21999999999999997 300.0 0.32769819082876006 
0.24 300.0 0.3291366711701569 
0.26 300.0 0.3305705474008146 
0.27999999999999997 300.0 0.33199982690068525 
0.3 300.0 0.3334245170497209 
0.1 320.0 0.3766484045237434 
0.12 320.0 0.3782560344128865 
0.14 320.0 0.3798583024445629 
0.16 320.0 0.38145521757530115 
0.18 320.0 0.38304678876162945 
0.19999999999999998 320.0 0.38463302496007684 
0.21999999999999997 320.0 0.38621393512717156 
0.24 320.0 0.3877895282194421 
0.26 320.0 0.38935981319341706 
0.27999999999999997 320.0 0.39092479900562466 
0.3 320.0 0.39248449461259394 
0.1 340.0 0.44026821816577716 
0.12 340.0 0.44201917658451856 
0.14 340.0 0.44376400676526984 
0.16 340.0 0.44550271945105513 
0.18 340.0 0.44723532538489763 
0.19999999999999998 340.0 0.4489618353098208 
0.21999999999999997 340.0 0.45068225996884875 
0.24 340.0 0.46053134904683446 
0.26 340.0 0.4623503246319186 
0.27999999999999997 340.0 0.4641630539818762 
0.3 340.0 0.4659695478397305 
0.1 360.0 0.5100025700559455 
0.12 360.0 0.5118983644882779 
0.14 360.0 0.5225950539949098 
0.16 360.0 0.5245992489220374 
0.18 360.0 0.5265963005955717 
0.19999999999999998 360.0 0.5285862217680698 
0.21999999999999997 360.0 0.5305690251920887 
0.24 360.0 0.5325447236201859 
0.26 360.0 0.5345133298049182 
0.27999999999999997 360.0 0.536474856498843 
0.3 360.0 0.5384293164545177 
0.1 380.0 0.5959197908118664 
0.12 380.0 0.5980952582387529 
0.14 380.0 0.6002626550222322 
0.16 380.0 0.6024219961605529 
0.18 380.0 0.6045732966519646 
0.19999999999999998 380.0 0.6067165714947165 
0.21999999999999997 380.0 0.6088518356870581 
0.24 380.0 0.6109791042272384 
0.26 380.0 0.6130983921135068 
0.27999999999999997 380.0 0.6152097143441125 
0.3 380.0 0.6173130859173048 
0.1 400.0 0.6798523713431083 
0.12 400.0 0.6821858104044584 
0.14 400.0 0.684510222798814 
0.16 400.0 0.6868256260193948 
0.18 400.0 0.6891320375594207 
0.19999999999999998 400.0 0.6914294749121113 
0.21999999999999997 400.0 0.6937179555706863 
0.24 400.0 0.6959974970283657 
0.26 400.0 0.6982681167783691 
0.27999999999999997 400.0 0.7005298323139161 
0.3 400.0 0.7027826611282264 
0.1 420.0 0.7705248312286606 
0.12 420.0 0.7730168938011167 
0.14 420.0 0.7754989200351516 
0.16 420.0 0.7779709301813542 
0.18 420.0 0.780432944490313 
0.19999999999999998 420.0 0.7828849832126165 
0.21999999999999997 420.0 0.785327066598853 
0.24 420.0 0.7877592148996113 
0.26 420.0 0.79018144836548 
0.27999999999999997 420.0 0.7925937872470472 
0.3 420.0 0.7949962517949014 
0.1 440.0 0.8680960793741356 
0.12 440.0 0.8707470751811075 
0.14 440.0 0.873386971880674 
0.16 440.0 0.8760157927563098 
0.18 440.0 0.878633561091491 
0.19999999999999998 440.0 0.8812403001696922 
0.21999999999999997 440.0 0.8838360332743895 
0.24 440.0 0.8864207836890583 
0.26 440.0 0.8889945746971744 
0.27999999999999997 440.0 0.8915574295822125 
0.3 440.0 0.8941093716276484 
0.1 460.0 0.972722785547861 
0.12 460.0 0.9755327098278009 
0.14 460.0 0.9783304197360896 
0.16 460.0 0.9811159418777269 
0.18 460.0 0.9838893028577133 
0.19999999999999998 460.0 0.98665052928105 
0.21999999999999997 460.0 0.989399647752737 
0.24 460.0 0.9921366848777753 
0.26 460.0 0.9948616672611649 
0.27999999999999997 460.0 0.997574621507907 
0.3 460.0 1.0002755742230016 
0.1 480.0 1.0845600013396548 
0.12 480.0 1.0875285604236216 
0.14 480.0 1.0904837380245402 
0.16 480.0 1.093425564370695 
0.18 480.0 1.096354069690369 
0.19999999999999998 480.0 1.099269284211846 
0.21999999999999997 480.0 1.1021712381634108 
0.24 480.0 1.1050599617733456 
0.26 480.0 1.1079354852699352 
0.27999999999999997 480.0 1.1306908478976299 
0.3 480.0 1.1337325126674678 
0.1 500.0 1.2037616667539504 
0.12 500.0 1.2068883016772223 
0.14 500.0 1.2100003368474723 
0.16 500.0 1.2130978064311453 
0.18 500.0 1.2161807445946862 
0.19999999999999998 500.0 1.21924918550454 
0.21999999999999997 500.0 1.2438074383059818 
0.24 500.0 1.247053323097959 
0.26 500.0 1.2502843320020005 
0.27999999999999997 500.0 1.2535004991845522 
0.3 500.0 1.2567018588120575 
0.1 300.0 0.3189702091775409 
0.11 300.0 0.3197039206800071 
0.12 300.0 0.3204364691623662 
0.13 300.0 0.3211678555471126 
0.14 300.0 0.32189808075673987 
0.15 300.0 0.3226271457137424 
0.16 300.0 0.323355051340614 
0.16999999999999998 300.0 0.32408179855984887 
0.18 300.0 0.32480738829394074 
0.19 300.0 0.3255318214653839 
0.19999999999999998 300.0 0.32625509899667204 
0.21 300.0 0.32697722181029953 
0.21999999999999997 300.0 0.32769819082876006 
0.22999999999999998 300.0 0.32841800697454804 
0.24 300.0 0.3291366711701569 
0.24999999999999997 300.0 0.3298541843380812 
0.26 300.0 0.3305705474008146 
0.27 300.0 0.33128576128085135 
0.27999999999999997 300.0 0.33199982690068525 
0.29 300.0 0.3327127451828105 
0.3 300.0 0.3334245170497209 
0.1 310.0 0.34707767400602546 
0.11 310.0 0.347846634533239 
0.12 310.0 0.34861434441919126 
0.13 310.0 0.3493808046817351 
0.14 310.0 0.35014601633872255 
0.15 310.0 0.3509099804080067 
0.16 310.0 0.35167269790743966 
0.16999999999999998 310.0 0.35243416985487436 
0.18 310.0 0.35319439726816293 
0.19 310.0 0.35395338116515845 
0.19999999999999998 310.0 0.35471112256371296 
0.21 310.0 0.3554676224816793 
0.21999999999999997 310.0 0.35622288193691015 
0.22999999999999998 310.0 0.3569769019472579 
0.24 310.0 0.35772968353057494 
0.24999999999999997 310.0 0.3584812277047139 
0.26 310.0 0.35923153548752773 
0.27 310.0 0.3599806078968685 
0.27999999999999997 310.0 0.36072844595058917 
0.29 310.0 0.36147505066654173 
0.3 310.0 0.36222042306257923 
0.1 320.0 0.3766484045237434 
0.11 320.0 0.37745289026028145 
0.12 320.0 0.3782560344128865 
0.13 320.0 0.3790578381011249 
0.14 320.0 0.3798583024445629 
0.15 320.0 0.38065742856276613 
0.16 320.0 0.38145521757530115 
0.16999999999999998 320.0 0.38225167060173343 
0.18 320.0 0.38304678876162945 
0.19 320.0 0.3838405731745554 
0.19999999999999998 320.0 0.38463302496007684 
0.21 320.0 0.38542414523776036 
0.21999999999999997 320.0 0.38621393512717156 
0.22999999999999998 320.0 0.38700239574787676 
0.24 320.0 0.3877895282194421 
0.24999999999999997 320.0 0.3885753336614334 
0.26 320.0 0.38935981319341706 
0.27 320.0 0.39014296793495873 
0.27999999999999997 320.0 0.39092479900562466 
0.29 320.0 0.39170530752498117 
0.3 320.0 0.39248449461259394 
0.1 330.0 0.40770465189340666 
0.11 330.0 0.4085449090188266 
0.12 330.0 0.4093837303036085 
0.13 330.0 0.4102211169755915 
0.14 330.0 0.41105707026261556 
0.15 330.0 0.4118915913925197 
0.16 330.0 0.41272468159314374 
0.16999999999999998 330.0 0.41355634209232717 
0.18 330.0 0.4143865741179097 
0.19 330.0 0.4152153788977305 
0.19999999999999998 330.0 0.4160427576596295 
0.21 330.0 0.41686871163144573 
0.21999999999999997 330.0 0.4176932420410191 
0.22999999999999998 330.0 0.418516350116189 
0.24 330.0 0.41933803708479517 
0.24999999999999997 330.0 0.4201583041746767 
0.26 330.0 0.4209771526136736 
0.27 330.0 0.42179458362962496 
0.27999999999999997 330.0 0.4303638521256323 
0.29 330.0 0.4312310814325346 
0.3 330.0 0.432096852025868 
0.1 340.0 0.44026821816577716 
0.11 340.0 0.4411444640763357 
0.12 340.0 0.44201917658451856 
0.13 340.0 0.44289235703320395 
0.14 340.0 0.44376400676526984 
0.15 340.0 0.4446341271235944 
0.16 340.0 0.44550271945105513 
0.16999999999999998 340.0 0.4463697850905304 
0.18 340.0 0.44723532538489763 
0.19 340.0 0.4480993416770352 
0.19999999999999998 340.0 0.4489618353098208 
0.21 340.0 0.44982280762613264 
0.21999999999999997 340.0 0.45068225996884875 
0.22999999999999998 340.0 0.45961951555892516 
0.24 340.0 0.46053134904683446 
0.24999999999999997 340.0 0.4614416182902063 
0.26 340.0 0.4623503246319186 
0.27 340.0 0.4632574694148492 
0.27999999999999997 340.0 0.4641630539818762 
0.29 340.0 0.46506707967587724 
0.3 340.0 0.4659695478397305 
0.1 350.0 0.4743605070550363 
0.11 350.0 0.4752729315472446 
0.12 350.0 0.47618372178072277 
0.13 350.0 0.47709287922035726 
0.14 350.0 0.47800040533103433 
0.15 350.0 0.4789063015776406 
0.16 350.0 0.47981056942506184 
0.16999999999999998 350.0 0.4807132103381847 
0.18 350.0 0.49002481755889604 
0.19 350.0 0.4909824907500006 
0.19999999999999998 350.0 0.4919384896318959 
0.21 350.0 0.49289281566946846 
0.21999999999999997 350.0 0.49384547032760495 
0.22999999999999998 350.0 0.49479645507119113 
0.24 350.0 0.49574577136511355 
0.24999999999999997 350.0 0.4966934206742586 
0.26 350.0 0.4976394044635125 
0.27 350.0 0.4985837241977618 
0.27999999999999997 350.0 0.49952638134189253 
0.29 350.0 0.5004673773607912 
0.3 350.0 0.5014067137193441 
0.1 360.0 0.5100025700559455 
0.11 360.0 0.5109513364710989 
0.12 360.0 0.5118983644882779 
0.13 360.0 0.5128436557015517 
0.14 360.0 0.5225950539949098 
0.15 360.0 0.5235980451622076 
0.16 360.0 0.5245992489220374 
0.16999999999999998 360.0 0.5255986668684689 
0.18 360.0 0.5265963005955717 
0.19 360.0 0.5275921516974154 
0.19999999999999998 360.0 0.5285862217680698 
0.21 360.0 0.5295785124016044 
0.21999999999999997 360.0 0.5305690251920887 
0.22999999999999998 360.0 0.5315577617335928 
0.24 360.0 0.5325447236201859 
0.24999999999999997 360.0 0.5335299124459377 
0.26 360.0 0.5345133298049182 
0.27 360.0 0.5354949772911967 
0.27999999999999997 360.0 0.536474856498843 
0.29 360.0 0.5374529690219267 
0.3 360.0 0.5384293164545177 
0.1 370.0 0.5564305006492407 
0.11 370.0 0.557479873673589 
0.12 370.0 0.5585273417409187 
0.13 370.0 0.5595729065818632 
0.14 370.0 0.5606165699270553 
0.15 370.0 0.5616583335071281 
0.16 370.0 0.5626981990527145 
0.16999999999999998 370.0 0.5637361682944471 
0.18 370.0 0.5647722429629591 
0.19 370.0 0.5658064247888834 
0.19999999999999998 370.0 0.5668387155028529 
0.21 370.0 0.5678691168355006 
0.21999999999999997 370.0 0.5688976305174592 
0.22999999999999998 370.0 0.5699242582793621 
0.24 370.0 0.570949001851842 
0.24999999999999997 370.0 0.5719718629655316 
0.26 370.0 0.5729928433510637 
0.27 370.0 0.5740119447390719 
0.27999999999999997 370.0 0.5750291688601885 
0.29 370.0 0.576044517445047 
0.3 370.0 0.5770579922242799 
0.1 380.0 0.5959197908118664 
0.11 380.0 0.5970085342931262 
0.12 380.0 0.5980952582387529 
0.13 380.0 0.5991799645235277 
0.14 380.0 0.6002626550222322 
0.15 380.0 0.6013433316096468 
0.16 380.0 0.6024219961605529 
0.16999999999999998 380.0 0.6034986505497318 
0.18 380.0 0.6045732966519646 
0.19 380.0 0.6056459363420323 
0.19999999999999998 380.0 0.6067165714947165 
0.21 380.0 0.6077852039847982 
0.21999999999999997 380.0 0.6088518356870581 
0.22999999999999998 380.0 0.609916468476278 
0.24 380.0 0.6109791042272384 
0.24999999999999997 380.0 0.6120397448147211 
0.26 380.0 0.6130983921135068 
0.27 380.0 0.6141550479983771 
0.27999999999999997 380.0 0.6152097143441125 
0.29 380.0 0.6162623930254948 
0.3 380.0 0.6173130859173048 
0.1 390.0 0.6370536351129291 
0.11 390.0 0.6381818784832389 
0.12 390.0 0.6393079843475666 
0.13 390.0 0.640431954732632 
0.14 390.0 0.6415537916651542 
0.15 390.0 0.6426734971718526 
0.16 390.0 0.6437910732794465 
0.16999999999999998 390.0 0.6449065220146555 
0.18 390.0 0.6460198454041983 
0.19 390.0 0.6471310454747947 
0.19999999999999998 390.0 0.648240124253164 
0.21 390.0 0.6493470837660256 
0.21999999999999997 390.0 0.6504519260400986 
0.22999999999999998 390.0 0.6515546531021023 
0.24 390.0 0.6526552669787564 
0.24999999999999997 390.0 0.6537537696967801 
0.26 390.0 0.6548501632828926 
0.27 390.0 0.6559444497638134 
0.27999999999999997 390.0 0.6570366311662618 
0.29 390.0 0.6581267095169572 
0.3 390.0 0.6592146868426185 
0.1 400.0 0.6798523713431083 
0.11 400.0 0.6810202203004839 
0.12 400.0 0.6821858104044584 
0.13 400.0 0.6833491438416843 
0.14 400.0 0.684510222798814 
0.15 400.0 0.6856690494625 
0.16 400.0 0.6868256260193948 
0.16999999999999998 400.0 0.6879799546561508 
0.18 400.0 0.6891320375594207 
0.19 400.0 0.6902818769158565 
0.19999999999999998 400.0 0.6914294749121113 
0.21 400.0 0.692574833734837 
0.21999999999999997 400.0 0.6937179555706863 
0.22999999999999998 400.0 0.6948588426063118 
0.24 400.0 0.6959974970283657 
0.24999999999999997 400.0 0.6971339210235007 
0.26 400.0 0.6982681167783691 
0.27 400.0 0.6994000864796233 
0.27999999999999997 400.0 0.7005298323139161 
0.29 400.0 0.7016573564678995 
0.3 400.0 0.7027826611282264 
0.1 410.0 0.7243361239262509 
0.11 410.0 0.7255436614027115 
0.12 410.0 0.726748815316931 
0.13 410.0 0.7279515880236952 
0.14 410.0 0.7291519818777891 
0.15 410.0 0.7303499992339988 
0.16 410.0 0.7315456424471096 
0.16999999999999998 410.0 0.7327389138719073 
0.18 410.0 0.733929815863177 
0.19 410.0 0.7351183507757045 
0.19999999999999998 410.0 0.7363045209642755 
0.21 410.0 0.7374883287836752 
0.21999999999999997 410.0 0.7386697765886894 
0.22999999999999998 410.0 0.7398488667341035 
0.24 410.0 0.741025601574703 
0.24999999999999997 410.0 0.7421999834652737 
0.26 410.0 0.743372014760601 
0.27 410.0 0.7445416978154702 
0.27999999999999997 410.0 0.7457090349846671 
0.29 410.0 0.7468740286229769 
0.3 410.0 0.748036681085186 
0.1 420.0 0.7705248312286606 
0.11 420.0 0.771772118322853 
0.12 420.0 0.7730168938011167 
0.13 420.0 0.774259160194775 
0.14 420.0 0.7754989200351516 
0.15 420.0 0.77673617585357 
0.16 420.0 0.7779709301813542 
0.16999999999999998 420.0 0.7792031855498273 
0.18 420.0 0.780432944490313 
0.19 420.0 0.781660209534135 
0.19999999999999998 420.0 0.7828849832126165 
0.21 420.0 0.7841072680570815 
0.21999999999999997 420.0 0.785327066598853 
0.22999999999999998 420.0 0.7865443813692552 
0.24 420.0 0.7877592148996113 
0.24999999999999997 420.0 0.7889715697212452 
0.26 420.0 0.79018144836548 
0.27 420.0 0.7913888533636395 
0.27999999999999997 420.0 0.7925937872470472 
0.29 420.0 0.7937962525470268 
0.3 420.0 0.7949962517949014 
0.1 430.0 0.818438270315718 
0.11 430.0 0.819725347190725 
0.12 430.0 0.8210097810687049 
0.13 430.0 0.8222915746661302 
0.14 430.0 0.823570730699472 
0.15 430.0 0.8248472518852018 
0.16 430.0 0.826121140939791 
0.16999999999999998 430.0 0.8273924005797113 
0.18 430.0 0.8286610335214343 
0.19 430.0 0.8299270424814313 
0.19999999999999998 430.0 0.8311904301761736 
0.21 430.0 0.8324511993221334 
0.21999999999999997 430.0 0.8337093526357819 
0.22999999999999998 430.0 0.8349648928335905 
0.24 430.0 0.8362178226320309 
0.24999999999999997 430.0 0.8374681447475745 
0.26 430.0 0.8387158618966928 
0.27 430.0 0.8399609767958576 
0.27999999999999997 430.0 0.8412034921615403 
0.29 430.0 0.8424434107102124 
0.3 430.0 0.8436807351583453 
0.1 440.0 0.8680960793741356 
0.11 440.0 0.8694229661212648 
0.12 440.0 0.8707470751811075 
0.13 440.0 0.8720684094640992 
0.14 440.0 0.873386971880674 
0.15 440.0 0.8747027653412661 
0.16 440.0 0.8760157927563098 
0.16999999999999998 440.0 0.87732605703624 
0.18 440.0 0.878633561091491 
0.19 440.0 0.8799383078324969 
0.19999999999999998 440.0 0.8812403001696922 
0.21 440.0 0.8825395410135117 
0.21999999999999997 440.0 0.8838360332743895 
0.22999999999999998 440.0 0.8851297798627603 
0.24 440.0 0.8864207836890583 
0.24999999999999997 440.0 0.8877090476637183 
0.26 440.0 0.8889945746971744 
0.27 440.0 0.8902773676998608 
0.27999999999999997 440.0 0.8915574295822125 
0.29 440.0 0.8928347632546636 
0.3 440.0 0.8941093716276484 
0.1 450.0 0.9195177780013754 
0.11 450.0 0.9208844754708074 
0.12 450.0 0.922248257272542 
0.13 450.0 0.9236091265199963 
0.14 450.0 0.9249670863265879 
0.15 450.0 0.9263221398057336 
0.16 450.0 0.9276742900708511 
0.16999999999999998 450.0 0.9290235402353574 
0.18 450.0 0.9303698934126697 
0.19 450.0 0.9317133527162055 
0.19999999999999998 450.0 0.933053921259382 
0.21 450.0 0.9343916021556168 
0.21999999999999997 450.0 0.9357263985183266 
0.22999999999999998 450.0 0.9370583134609293 
0.24 450.0 0.9383873500968417 
0.24999999999999997 450.0 0.9397135115394813 
0.26 450.0 0.9410368009022652 
0.27 450.0 0.942357221298611 
0.27999999999999997 450.0 0.9436747758419356 
0.29 450.0 0.9449894676456566 
0.3 450.0 0.9463012998231912 
0.1 460.0 0.972722785547861 
0.11 460.0 0.9741292761470999 
0.12 460.0 0.9755327098278009 
0.13 460.0 0.9769330899155892 
0.14 460.0 0.9783304197360896 
0.15 460.0 0.9797247026149272 
0.16 460.0 0.9811159418777269 
0.16999999999999998 460.0 0.9825041408501141 
0.18 460.0 0.9838893028577133 
0.19 460.0 0.9852714312261504 
0.19999999999999998 460.0 0.98665052928105 
0.21 460.0 0.9880266003480372 
0.21999999999999997 460.0 0.989399647752737 
0.22999999999999998 460.0 0.9907696748207746 
0.24 460.0 0.9921366848777753 
0.24999999999999997 460.0 0.9935006812493634 
0.26 460.0 0.9948616672611649 
0.27 460.0 0.9962196462388043 
0.27999999999999997 460.0 0.997574621507907 
0.29 460.0 0.9989265963940978 
0.3 460.0 1.0002755742230016 
0.1 470.0 1.027730437682697 
0.11 470.0 1.0291766861438056 
0.12 470.0 1.030619733185501 
0.13 470.0 1.0320595823550462 
0.14 470.0 1.033496237199704 
0.15 470.0 1.0349297012667371 
0.16 470.0 1.0363599781034083 
0.16999999999999998 470.0 1.0377870712569803 
0.18 470.0 1.0392109842747164 
0.19 470.0 1.0406317207038789 
0.19999999999999998 470.0 1.0420492840917308 
0.21 470.0 1.0434636779855346 
0.21999999999999997 470.0 1.0448749059325537 
0.22999999999999998 470.0 1.04628297148005 
0.24 470.0 1.0476878781752872 
0.24999999999999997 470.0 1.049089629565528 
0.26 470.0 1.0504882291980346 
0.27 470.0 1.0518836806200702 
0.27999999999999997 470.0 1.0532759873788977 
0.29 470.0 1.0546651530217794 
0.3 470.0 1.0560511810959787 
0.1 480.0 1.0845600013396548 
0.11 480.0 1.086045955456287 
0.12 480.0 1.0875285604236216 
0.13 480.0 1.0890078200201943 
0.14 480.0 1.0904837380245402 
0.15 480.0 1.0919563182151952 
0.16 480.0 1.093425564370695 
0.16999999999999998 480.0 1.0948914802695742 
0.18 480.0 1.096354069690369 
0.19 480.0 1.0978133364116145 
0.19999999999999998 480.0 1.099269284211846 
0.21 480.0 1.1007219168695996 
0.21999999999999997 480.0 1.1021712381634108 
0.22999999999999998 480.0 1.1036172518718144 
0.24 480.0 1.1050599617733456 
0.24999999999999997 480.0 1.1064993716465408 
0.26 480.0 1.1079354852699352 
0.27 480.0 1.1093683064220639 
0.27999999999999997 480.0 1.1306908478976299 
0.29 480.0 1.1322133753513854 
0.3 480.0 1.1337325126674678 
0.1 490.0 1.1432306881871557 
0.11 490.0 1.1447562795224167 
0.12 490.0 1.1462783707711057 
0.13 490.0 1.14779696595287 
0.14 490.0 1.1493120690873575 
0.15 490.0 1.1508236841942172 
0.16 490.0 1.1523318152930961 
0.16999999999999998 490.0 1.1538364664036431 
0.18 490.0 1.1553376415455063 
0.19 490.0 1.1568353447383328 
0.19999999999999998 490.0 1.1583295800017712 
0.21 490.0 1.1598203513554703 
0.21999999999999997 490.0 1.1613076628190773 
0.22999999999999998 490.0 1.1627915184122404 
0.24 490.0 1.1848628958401264 
0.24999999999999997 490.0 1.1864396914223458 
0.26 490.0 1.188012928631647 
0.27 490.0 1.1895826114876773 
0.27999999999999997 490.0 1.191148744010085 
0.29 490.0 1.1927113302185177 
0.3 490.0 1.1942703741326242 
0.1 500.0 1.2037616667539504 
0.11 500.0 1.2053268113201172 
0.12 500.0 1.2068883016772223 
0.13 500.0 1.2084461420960722 
0.14 500.0 1.2100003368474723 
0.15 500.0 1.2115508902022283 
0.16 500.0 1.2130978064311453 
0.16999999999999998 500.0 1.2146410898050295 
0.18 500.0 1.2161807445946862 
0.19 500.0 1.2177167750709215 
0.19999999999999998 500.0 1.21924918550454 
0.21 500.0 1.2421789067750038 
0.21999999999999997 500.0 1.2438074383059818 
0.22999999999999998 500.0 1.2454322423233652 
0.24 500.0 1.247053323097959 
0.24999999999999997 500.0 1.2486706849005689 
0.26 500.0 1.2502843320020005 
0.27 500.0 1.2518942686730599 
0.27999999999999997 500.0 1.2535004991845522 
0.29 500.0 1.2551030278072826 
0.3 500.0 1.2567018588120575 
0.1 300.0 0.3189702091775409 
0.11 300.0 0.3197039206800071 
0.12 300.0 0.3204364691623662 
0.13 300.0 0.3211678555471126 
0.14 300.0 0.32189808075673987 
0.15 300.0 0.3226271457137424 
0.16 300.0 0.323355051340614 
0.16999999999999998 300.0 0.32408179855984887 
0.18 300.0 0.32480738829394074 
0.19 300.0 0.3255318214653839 
0.19999999999999998 300.0 0.32625509899667204 
0.21 300.0 0.32697722181029953 
0.21999999999999997 300.0 0.32769819082876006 
0.22999999999999998 300.0 0.32841800697454804 
0.24 300.0 0.3291366711701569 
0.24999999999999997 300.0 0.3298541843380812 
0.26 300.0 0.3305705474008146 
0.27 300.0 0.33128576128085135 
0.27999999999999997 300.0 0.33199982690068525 
0.29 300.0 0.3327127451828105 
0.3 300.0 0.3334245170497209 
0.1 310.0 0.34707767400602546 
0.11 310.0 0.347846634533239 
0.12 310.0 0.34861434441919126 
0.13 310.0 0.3493808046817351 
0.14 310.0 0.35014601633872255 
0.15 310.0 0.3509099804080067 
0.16 310.0 0.35167269790743966 
0.16999999999999998 310.0 0.35243416985487436 
0.18 310.0 0.35319439726816293 
0.19 310.0 0.35395338116515845 
0.19999999999999998 310.0 0.35471112256371296 
0.21 310.0 0.3554676224816793 
0.21999999999999997 310.0 0.35622288193691015 
0.22999999999999998 310.0 0.3569769019472579 
0.24 310.0 0.35772968353057494 
0.24999999999999997 310.0 0.3584812277047139 
0.26 310.0 0.35923153548752773 
0.27 310.0 0.3599806078968685 
0.27999999999999997 310.0 0.36072844595058917 
0.29 310.0 0.36147505066654173 
0.3 310.0 0.36222042306257923 
0.1 320.0 0.3766484045237434 
0.11 320.0 0.37745289026028145 
0.12 320.0 0.3782560344128865 
0.13 320.0 0.3790578381011249 
0.14 320.0 0.3798583024445629 
0.15 320.0 0.38065742856276613 
0.16 320.0 0.38145521757530115 
0.16999999999999998 320.0 0.38225167060173343 
0.18 320.0 0.38304678876162945 
0.19 320.0 0.3838405731745554 
0.19999999999999998 320.0 0.38463302496007684 
0.21 320.0 0.38542414523776036 
0.21999999999999997 320.0 0.38621393512717156 
0.22999999999999998 320.0 0.38700239574787676 
0.24 320.0 0.3877895282194421 
0.24999999999999997 320.0 0.3885753336614334 
0.26 320.0 0.38935981319341706 
0.27 320.0 0.39014296793495873 
0.27999999999999997 320.0 0.39092479900562466 
0.29 320.0 0.39170530752498117 
0.3 320.0 0.39248449461259394 
0.1 330.0 0.40770465189340666 
0.11 330.0 0.4085449090188266 
0.12 330.0 0.4093837303036085 
0.13 330.0 0.4102211169755915 
0.14 330.0 0.41105707026261556 
0.15 330.0 0.4118915913925197 
0.16 330.0 0.41272468159314374 
0.16999999999999998 330.0 0.41355634209232717 
0.18 330.0 0.4143865741179097 
0.19 330.0 0.4152153788977305 
0.19999999999999998 330.0 0.4160427576596295 
0.21 330.0 0.41686871163144573 
0.21999999999999997 330.0 0.4176932420410191 
0.22999999999999998 330.0 0.418516350116189 
0.24 330.0 0.41933803708479517 
0.24999999999999997 330.0 0.4201583041746767 
0.26 330.0 0.4209771526136736 
0.27 330.0 0.42179458362962496 
0.27999999999999997 330.0 0.4303638521256323 
0.29 330.0 0.4312310814325346 
0.3 330.0 0.432096852025868 
0.1 340.0 0.44026821816577716 
0.11 340.0 0.4411444640763357 
0.12 340.0 0.44201917658451856 
0.13 340.0 0.44289235703320395 
0.14 340.0 0.44376400676526984 
0.15 340.0 0.4446341271235944 
0.16 340.0 0.44550271945105513 
0.16999999999999998 340.0 0.4463697850905304 
0.18 340.0 0.44723532538489763 
0.19 340.0 0.4480993416770352 
0.19999999999999998 340.0 0.4489618353098208 
0.21 340.0 0.44982280762613264 
0.21999999999999997 340.0 0.45068225996884875 
0.22999999999999998 340.0 0.45961951555892516 
0.24 340.0 0.46053134904683446 
0.24999999999999997 340.0 0.4614416182902063 
0.26 340.0 0.4623503246319186 
0.27 340.0 0.4632574694148492 
0.27999999999999997 340.0 0.4641630539818762 
0.29 340.0 0.46506707967587724 
0.3 340.0 0.4659695478397305 
0.1 350.0 0.4743605070550363 
0.11 350.0 0.4752729315472446 
0.12 350.0 0.47618372178072277 
0.13 350.0 0.47709287922035726 
0.14 350.0 0.47800040533103433 
0.15 350.0 0.4789063015776406 
0.16 350.0 0.47981056942506184 
0.16999999999999998 350.0 0.4807132103381847 
0.18 350.0 0.49002481755889604 
0.19 350.0 0.4909824907500006 
0.19999999999999998 350.0 0.4919384896318959 
0.21 350.0 0.49289281566946846 
0.21999999999999997 350.0 0.49384547032760495 
0.22999999999999998 350.0 0.49479645507119113 
0.24 350.0 0.49574577136511355 
0.24999999999999997 350.0 0.4966934206742586 
0.26 350.0 0.4976394044635125 
0.27 350.0 0.4985837241977618 
0.27999999999999997 350.0 0.49952638134189253 
0.29 350.0 0.5004673773607912 
0.3 350.0 0.5014067137193441 
0.1 360.0 0.5100025700559455 
0.11 360.0 0.5109513364710989 
0.12 360.0 0.5118983644882779 
0.13 360.0 0.5128436557015517 
0.14 360.0 0.5225950539949098 
0.15 360.0 0.5235980451622076 
0.16 360.0 0.5245992489220374 
0.16999999999999998 360.0 0.5255986668684689 
0.18 360.0 0.5265963005955717 
0.19 360.0 0.5275921516974154 
0.19999999999999998 360.0 0.5285862217680698 
0.21 360.0 0.5295785124016044 
0.21999999999999997 360.0 0.5305690251920887 
0.22999999999999998 360.0 0.5315577617335928 
0.24 360.0 0.5325447236201859 
0.24999999999999997 360.0 0.5335299124459377 
0.26 360.0 0.5345133298049182 
0.27 360.0 0.5354949772911967 
0.27999999999999997 360.0 0.536474856498843 
0.29 360.0 0.5374529690219267 
0.3 360.0 0.5384293164545177 
0.1 370.0 0.5564305006492407 
0.11 370.0 0.557479873673589 
0.12 370.0 0.5585273417409187 
0.13 370.0 0.5595729065818632 
0.14 370.0 0.5606165699270553 
0.15 370.0 0.5616583335071281 
0.16 370.0 0.5626981990527145 
0.16999999999999998 370.0 0.5637361682944471 
0.18 370.0 0.5647722429629591 
0.19 370.0 0.5658064247888834 
0.19999999999999998 370.0 0.5668387155028529 
0.21 370.0 0.5678691168355006 
0.21999999999999997 370.0 0.5688976305174592 
0.22999999999999998 370.0 0.5699242582793621 
0.24 370.0 0.570949001851842 
0.24999999999999997 370.0 0.5719718629655316 
0.26 370.0 0.5729928433510637 
0.27 370.0 0.5740119447390719 
0.27999999999999997 370.0 0.5750291688601885 
0.29 370.0 0.576044517445047 
0.3 370.0 0.5770579922242799 
0.1 380.0 0.5959197908118664 
0.11 380.0 0.5970085342931262 
0.12 380.0 0.5980952582387529 
0.13 380.0 0.5991799645235277 
0.14 380.0 0.6002626550222322 
0.15 380.0 0.6013433316096468 
0.16 380.0 0.6024219961605529 
0.16999999999999998 380.0 0.6034986505497318 
0.18 380.0 0.6045732966519646 
0.19 380.0 0.6056459363420323 
0.19999999999999998 380.0 0.6067165714947165 
0.21 380.0 0.6077852039847982 
0.21999999999999997 380.0 0.6088518356870581 
0.22999999999999998 380.0 0.609916468476278 
0.24 380.0 0.6109791042272384 
0.24999999999999997 380.0 0.6120397448147211 
0.26 380.0 0.6130983921135068 
0.27 380.0 0.6141550479983771 
0.27999999999999997 380.0 0.6152097143441125 
0.29 380.0 0.6162623930254948 
0.3 380.0 0.6173130859173048 
0.1 390.0 0.6370536351129291 
0.11 390.0 0.6381818784832389 
0.12 390.0 0.6393079843475666 
0.13 390.0 0.640431954732632 
0.14 390.0 0.6415537916651542 
0.15 390.0 0.6426734971718526 
0.16 390.0 0.6437910732794465 
0.16999999999999998 390.0 0.6449065220146555 
0.18 390.0 0.6460198454041983 
0.19 390.0 0.6471310454747947 
0.19999999999999998 390.0 0.648240124253164 
0.21 390.0 0.6493470837660256 
0.21999999999999997 390.0 0.6504519260400986 
0.22999999999999998 390.0 0.6515546531021023 
0.24 390.0 0.6526552669787564 
0.24999999999999997 390.0 0.6537537696967801 
0.26 390.0 0.6548501632828926 
0.27 390.0 0.6559444497638134 
0.27999999999999997 390.0 0.6570366311662618 
0.29 390.0 0.6581267095169572 
0.3 390.0 0.6592146868426185 
0.1 400.0 0.6798523713431083 
0.11 400.0 0.6810202203004839 
0.12 400.0 0.6821858104044584 
0.13 400.0 0.6833491438416843 
0.14 400.0 0.684510222798814 
0.15 400.0 0.6856690494625 
0.16 400.0 0.6868256260193948 
0.16999999999999998 400.0 0.6879799546561508 
0.18 400.0 0.6891320375594207 
0.19 400.0 0.6902818769158565 
0.19999999999999998 400.0 0.6914294749121113 
0.21 400.0 0.692574833734837 
0.21999999999999997 400.0 0.6937179555706863 
0.22999999999999998 400.0 0.6948588426063118 
0.24 400.0 0.6959974970283657 
0.24999999999999997 400.0 0.6971339210235007 
0.26 400.0 0.6982681167783691 
0.27 400.0 0.6994000864796233 
0.27999999999999997 400.0 0.7005298323139161 
0.29 400.0 0.7016573564678995 
0.3 400.0 0.7027826611282264 
0.1 410.0 0.7243361239262509 
0.11 410.0 0.7255436614027115 
0.12 410.0 0.726748815316931 
0.13 410.0 0.7279515880236952 
0.14 410.0 0.7291519818777891 
0.15 410.0 0.7303499992339988 
0.16 410.0 0.7315456424471096 
0.16999999999999998 410.0 0.7327389138719073 
0.18 410.0 0.733929815863177 
0.19 410.0 0.7351183507757045 
0.19999999999999998 410.0 0.7363045209642755 
0.21 410.0 0.7374883287836752 
0.21999999999999997 410.0 0.7386697765886894 
0.22999999999999998 410.0 0.7398488667341035 
0.24 410.0 0.741025601574703 
0.24999999999999997 410.0 0.7421999834652737 
0.26 410.0 0.743372014760601 
0.27 410.0 0.7445416978154702 
0.27999999999999997 410.0 0.7457090349846671 
0.29 410.0 0.7468740286229769 
0.3 410.0 0.748036681085186 
0.1 420.0 0.7705248312286606 
0.11 420.0 0.771772118322853 
0.12 420.0 0.7730168938011167 
0.13 420.0 0.774259160194775 
0.14 420.0 0.7754989200351516 
0.15 420.0 0.77673617585357 
0.16 420.0 0.7779709301813542 
0.16999999999999998 420.0 0.7792031855498273 
0.18 420.0 0.780432944490313 
0.19 420.0 0.781660209534135 
0.19999999999999998 420.0 0.7828849832126165 
0.21 420.0 0.7841072680570815 
0.21999999999999997 420.0 0.785327066598853 
0.22999999999999998 420.0 0.7865443813692552 
0.24 420.0 0.7877592148996113 
0.24999999999999997 420.0 0.7889715697212452 
0.26 420.0 0.79018144836548 
0.27 420.0 0.7913888533636395 
0.27999999999999997 420.0 0.7925937872470472 
0.29 420.0 0.7937962525470268 
0.3 420.0 0.7949962517949014 
0.1 300.0 0.3189702091775409 
0.11 300.0 0.3197039206800071 
0.12 300.0 0.3204364691623662 
0.13 300.0 0.3211678555471126 
0.14 300.0 0.32189808075673987 
0.15 300.0 0.3226271457137424 
0.16 300.0 0.323355051340614 
0.16999999999999998 300.0 0.32408179855984887 
0.18 300.0 0.32480738829394074 
0.19 300.0 0.3255318214653839 
0.19999999999999998 300.0 0.32625509899667204 
0.21 300.0 0.32697722181029953 
0.21999999999999997 300.0 0.32769819082876006 
0.22999999999999998 300.0 0.32841800697454804 
0.24 300.0 0.3291366711701569 
0.24999999999999997 300.0 0.3298541843380812 
0.26 300.0 0.3305705474008146 
0.27 300.0 0.33128576128085135 
0.27999999999999997 300.0 0.33199982690068525 
0.29 300.0 0.3327127451828105 
0.3 300.0 0.3334245170497209 
0.1 310.0 0.34707767400602546 
0.11 310.0 0.347846634533239 
0.12 310.0 0.34861434441919126 
0.13 310.0 0.3493808046817351 
0.14 310.0 0.35014601633872255 
0.15 310.0 0.3509099804080067 
0.16 310.0 0.35167269790743966 
0.16999999999999998 310.0 0.35243416985487436 
0.18 310.0 0.35319439726816293 
0.19 310.0 0.35395338116515845 
0.19999999999999998 310.0 0.35471112256371296 
0.21 310.0 0.3554676224816793 
0.21999999999999997 310.0 0.35622288193691015 
0.22999999999999998 310.0 0.3569769019472579 
0.24 310.0 0.35772968353057494 
0.24999999999999997 310.0 0.3584812277047139 
0.26 310.0 0.35923153548752773 
0.27 310.0 0.3599806078968685 
0.27999999999999997 310.0 0.36072844595058917 
0.29 310.0 0.36147505066654173 
0.3 310.0 0.36222042306257923 
0.1 320.0 0.3766484045237434 
0.11 320.0 0.37745289026028145 
0.12 320.0 0.3782560344128865 
0.13 320.0 0.3790578381011249 
0.14 320.0 0.3798583024445629 
0.15 320.0 0.38065742856276613 
0.16 320.0 0.38145521757530115 
0.16999999999999998 320.0 0.38225167060173343 
0.18 320.0 0.38304678876162945 
0.19 320.0 0.3838405731745554 
0.19999999999999998 320.0 0.38463302496007684 
0.21 320.0 0.38542414523776036 
0.21999999999999997 320.0 0.38621393512717156 
0.22999999999999998 320.0 0.38700239574787676 
0.24 320.0 0.3877895282194421 
0.24999999999999997 320.0 0.3885753336614334 
0.26 320.0 0.38935981319341706 
0.27 320.0 0.39014296793495873 
0.27999999999999997 320.0 0.39092479900562466 
0.29 320.0 0.39170530752498117 
0.3 320.0 0.39248449461259394 
0.1 330.0 0.40770465189340666 
0.11 330.0 0.4085449090188266 
0.12 330.0 0.4093837303036085 
0.1 300.0 0.3189702091775409 
0.11 300.0 0.3197039206800071 
0.12 300.0 0.3204364691623662 
0.13 300.0 0.3211678555471126 
0.14 300.0 0.32189808075673987 
0.15 300.0 0.3226271457137424 
0.16 300.0 0.323355051340614 
0.17 300.0 0.32408179855984887 
0.18 300.0 0.32480738829394074 
0.19 300.0 0.3255318214653839 
0.2 300.0 0.32625509899667204 
0.21 300.0 0.32697722181029953 
0.22 300.0 0.32769819082876006 
0.23 300.0 0.32841800697454804 
0.24 300.0 0.3291366711701569 
0.25 300.0 0.3298541843380812 
0.26 300.0 0.3305705474008146 
0.27 300.0 0.33128576128085135 
0.28 300.0 0.33199982690068525 
0.29 300.0 0.3327127451828105 
0.3 300.0 0.3334245170497209 
0.1 310.0 0.34707767400602546 
0.11 310.0 0.347846634533239 
0.12 310.0 0.34861434441919126 
0.13 310.0 0.3493808046817351 
0.14 310.0 0.35014601633872255 
0.15 310.0 0.3509099804080067 
0.16 310.0 0.35167269790743966 
0.17 310.0 0.35243416985487436 
0.18 310.0 0.35319439726816293 
0.19 310.0 0.35395338116515845 
0.2 310.0 0.35471112256371296 
0.21 310.0 0.3554676224816793 
0.22 310.0 0.35622288193691015 
0.23 310.0 0.3569769019472579 
0.24 310.0 0.35772968353057494 
0.25 310.0 0.3584812277047139 
0.26 310.0 0.35923153548752773 
0.27 310.0 0.3599806078968685 
0.28 310.0 0.36072844595058917 
0.29 310.0 0.36147505066654173 
0.3 310.0 0.36222042306257923 
0.1 320.0 0.3766484045237434 
0.11 320.0 0.37745289026028145 
0.12 320.0 0.3782560344128865 
0.13 320.0 0.3790578381011249 
0.14 320.0 0.3798583024445629 
0.15 320.0 0.38065742856276613 
0.16 320.0 0.38145521757530115 
0.17 320.0 0.38225167060173343 
0.18 320.0 0.38304678876162945 
0.19 320.0 0.3838405731745554 
0.2 320.0 0.38463302496007684 
0.21 320.0 0.38542414523776036 
0.19 350.0 0.4909824907500006 
0.2 350.0 0.4919384896318959 
0.22 360.0 0.5305690251920887 
0.23 360.0 0.5315577617335928 
0.24 360.0 0.5325447236201859 
0.25 360.0 0.5335299124459377 
0.27 390.0 0.6559444497638134 
0.28 390.0 0.6570366311662618 
0.15 410.0 0.7303499992339988 
0.27 410.0 0.7445416978154702 
0.28 410.0 0.7457090349846671 
0.13 420.0 0.774259160194775 
0.14 420.0 0.7754989200351516 
0.15 420.0 0.77673617585357 
0.14 430.0 0.823570730699472 
0.15 430.0 0.8248472518852018 
0.16 430.0 0.826121140939791 
0.26 440.0 0.8889945746971744 
0.27 440.0 0.8902773676998608 
0.28 440.0 0.8915574295822125 
0.29 440.0 0.8928347632546636 
0.28 460.0 0.997574621507907 
0.29 460.0 0.9989265963940978 
0.3 460.0 1.0002755742230016 
0.1 470.0 1.027730437682697 
0.11 470.0 1.0291766861438056 
0.12 470.0 1.030619733185501 
0.13 470.0 1.0320595823550462 
0.14 470.0 1.033496237199704 
0.15 470.0 1.0349297012667371 
0.16 470.0 1.0363599781034083 
0.17 470.0 1.0377870712569803 
0.29 480.0 1.1322133753513854 
0.3 480.0 1.1337325126674678 
0.1 490.0 1.1432306881871557 
0.11 490.0 1.1447562795224167 
0.12 490.0 1.1462783707711057 
0.13 490.0 1.14779696595287 
0.14 490.0 1.1493120690873575 
0.15 490.0 1.1508236841942172 
0.16 490.0 1.1523318152930961 
0.17 490.0 1.1538364664036431 
0.18 490.0 1.1553376415455063 
0.19 490.0 1.1568353447383328 
0.2 490.0 1.1583295800017712 
0.21 490.0 1.1598203513554703 
0.22 490.0 1.1613076628190773 
0.23 490.0 1.1627915184122404 
0.24 490.0 1.1848628958401264 
0.25 490.0 1.1864396914223458 
0.26 490.0 1.188012928631647 
0.27 490.0 1.1895826114876773 
0.28 490.0 1.191148744010085 
0.29 490.0 1.1927113302185177 
0.3 490.0 1.1942703741326242 
0.1 500.0 1.2037616667539504 
0.11 500.0 1.2053268113201172 
0.12 500.0 1.2068883016772223 
0.13 500.0 1.2084461420960722 
0.14 500.0 1.2100003368474723 
0.15 500.0 1.2115508902022283 
0.16 500.0 1.2130978064311453 
0.17 500.0 1.2146410898050295 
0.18 500.0 1.2161807445946862 
0.19 500.0 1.2177167750709215 
0.2 500.0 1.21924918550454 
0.21 500.0 1.2421789067750038 
0.22 500.0 1.2438074383059818 
0.23 500.0 1.2454322423233652 
0.24 500.0 1.247053323097959 
0.25 500.0 1.2486706849005689 
0.26 500.0 1.2502843320020005 
0.27 500.0 1.2518942686730599 
0.28 500.0 1.2535004991845522 
0.29 500.0 1.2551030278072826 
0.3 500.0 1.2567018588120575 
0.1 300.0 0.3189702091775409 
0.12 300.0 0.3204364691623662 
0.14 300.0 0.32189808075673987 
0.16 300.0 0.323355051340614 
0.18 300.0 0.32480738829394074 
0.2 300.0 0.32625509899667204 
0.1 300.0 0.3189702091775409 
0.12 300.0 0.3204364691623662 
0.14 300.0 0.32189808075673987 
0.1 300.0 0.3189702091775409 
0.12 300.0 0.3204364691623662 
0.14 300.0 0.32189808075673987 
0.16 300.0 0.323355051340614 
0.18 300.0 0.32480738829394074 
0.2 300.0 0.32625509899667204 
0.22 300.0 0.32769819082876006 
0.24 300.0 0.3291366711701569 
0.26 300.0 0.3305705474008146 
0.1 300.0 0.3189702091775409 
0.12 300.0 0.3204364691623662 
0.14 300.0 0.32189808075673987 
0.1 300.0 0.3189702091775409 
0.12 300.0 0.3204364691623662 
0.1 300.0 0.3189702091775409 
0.12 300.0 0.3204364691623662 
0.1 300.0 0.3189702091775409 
0.12 300.0 0.3204364691623662 
0.1 300.0 0.3189702091775409 
0.12 300.0 0.3204364691623662 
0.1 300.0 0.3189702091775409 
0.12 300.0 0.3204364691623662 
0.1 300.0 0.3189702091775409 
0.12 300.0 0.3204364691623662 
0.1 300.0 0.3189702091775409 
0.12 300.0 0.3204364691623662 
0.1 300.0 0.3189702091775409 
0.12 300.0 0.3204364691623662 
0.1 300.0 0.3189702091775409 
0.12 300.0 0.3204364691623662 
0.14 300.0 0.32189808075673987 
0.16 300.0 0.323355051340614 
0.18 300.0 0.32480738829394074 
0.2 300.0 0.32625509899667204 
0.22 300.0 0.32769819082876006 
0.24 300.0 0.3291366711701569 
0.26 300.0 0.3305705474008146 
0.28 300.0 0.33199982690068525 
0.3 300.0 0.3334245170497209 
0.1 320.0 0.3766484045237434 
0.12 320.0 0.3782560344128865 
0.14 320.0 0.3798583024445629 
0.16 320.0 0.38145521757530115 
0.18 320.0 0.38304678876162945 
0.2 320.0 0.38607204022930464 
0.22 320.0 0.3876740539440637 
0.24 320.0 0.38927071518307127 
0.26 320.0 0.390862032902856 
0.28 320.0 0.3924480160599465 
0.3 320.0 0.394028673610871 
0.1 340.0 0.4390897416224349 
0.12 340.0 0.4408231717559347 
0.14 340.0 0.4425505044294763 
0.16 340.0 0.44427175038608274 
0.18 340.0 0.4459869203687777 
0.2 340.0 0.4476960251205849 
0.22 340.0 0.4493990753845279 
0.24 340.0 0.4643266919092964 
0.26 340.0 0.46619871837477345 
0.28 340.0 0.4680644080954534 
0.3 340.0 0.4699237718143596 
0.1 360.0 0.5194536604271502 
0.12 360.0 0.5214852111866415 
0.14 360.0 0.523509570064223 
0.16 360.0 0.5255267498124527 
0.18 360.0 0.5275367631838872 
0.2 360.0 0.5295396229310838 
0.22 360.0 0.5315353418066001 
0.24 360.0 0.5335239325629926 
0.26 360.0 0.5355054079528193 
0.28 360.0 0.5374797807286367 
0.3 360.0 0.5394470636430021 
0.1 380.0 0.5933400497646211 
0.12 380.0 0.5954801141372634 
0.14 380.0 0.5976121738670501 
0.16 380.0 0.5997362439522312 
0.18 380.0 0.6018523393910553 
0.2 380.0 0.6039604751817722 
0.22 380.0 0.6060606663226309 
0.24 380.0 0.608152927811881 
0.26 380.0 0.6102372746477713 
0.28 380.0 0.6123137218285514 
0.3 380.0 0.6143822843524703 
0.1 400.0 0.6727060142815419 
0.12 400.0 0.6749475530346207 
0.14 400.0 0.6771802448336354 
0.16 400.0 0.6794041071718055 
0.18 400.0 0.6816191575423511 
0.2 400.0 0.6838254134384918 
0.22 400.0 0.6860228923534473 
0.24 400.0 0.6882116117804372 
0.26 400.0 0.6903915892126816 
0.28 400.0 0.6925628421433998 
0.3 400.0 0.6947253880658119 
0.1 420.0 0.778542577788006 
0.12 420.0 0.781134919314198 
0.14 420.0 0.7837170243638658 
0.16 420.0 0.7862889131875974 
0.18 420.0 0.7888506060359813 
0.2 420.0 0.7914021231596065 
0.22 420.0 0.7939434848090607 
0.24 420.0 0.796474711234933 
0.26 420.0 0.7989958226878116 
0.28 420.0 0.8015068394182852 
0.3 420.0 0.8040077816769423 
0.1 440.0 0.8719046061681573 
0.12 440.0 0.8746004310158707 
0.14 440.0 0.877285063207117 
0.16 440.0 0.8799585260253708 
0.18 440.0 0.8826208427541079 
0.2 440.0 0.8852720366768039 
0.22 440.0 0.8879121310769339 
0.24 440.0 0.890541149237974 
0.26 440.0 0.8931591144433995 
0.28 440.0 0.8957660499766852 
0.3 440.0 0.8983619791213074 
0.1 460.0 0.9709957281198793 
0.12 460.0 0.9737864856136259 
0.14 460.0 0.9765650705102155 
0.16 460.0 0.979331509414649 
0.18 460.0 0.9820858289319265 
0.2 460.0 0.9848280556670491 
0.22 460.0 0.9875582162250174 
0.24 460.0 0.9902763372108314 
0.26 460.0 0.9929824452294919 
0.28 460.0 0.9956765668859997 
0.3 460.0 0.9983587287853553 
0.1 480.0 1.0757965901618967 
0.12 480.0 1.1087187408984287 
0.14 480.0 1.111901090801559 
0.16 480.0 1.1150695852068995 
0.18 480.0 1.1182242543427354 
0.2 480.0 1.1213651284373496 
0.22 480.0 1.124492237719025 
0.24 480.0 1.1276056124160474 
0.26 480.0 1.1307052827566986 
0.28 480.0 1.1337912789692635 
0.3 480.0 1.136863631282025 
0.1 500.0 1.2197970741370727 
0.12 500.0 1.2230885915016743 
0.14 500.0 1.2263651286565604 
0.16 500.0 1.229626719768177 
0.18 500.0 1.2328733990029677 
0.2 500.0 1.236105200527378 
0.22 500.0 1.2393221585078522 
0.24 500.0 1.242524307110836 
0.26 500.0 1.245711680502773 
0.28 500.0 1.2488843128501095 
0.3 500.0 1.2520422383192884 
0.1 300.0 0.3220603694766498 
0.12 300.0 0.32357958577858753 
0.14 300.0 0.325094070426536 
0.16 300.0 0.3266038308004472 
0.18 300.0 0.32810887428027324 
0.2 300.0 0.3296092082459662 
0.22 300.0 0.3311048400774781 
0.24 300.0 0.33259577715476113 
0.26 300.0 0.3340820268577672 
0.28 300.0 0.33556359656644863 
0.3 300.0 0.3370404936607573 
0.1 320.0 0.3779813710407422 
0.12 320.0 0.37961028148218545 
0.14 320.0 0.3812337946652349 
0.16 320.0 0.3828519195464189 
0.18 320.0 0.384464665082266 
0.2 320.0 0.38607204022930464 
0.22 320.0 0.3876740539440637 
0.24 320.0 0.38927071518307127 
0.26 320.0 0.390862032902856 
0.28 320.0 0.3924480160599465 
0.3 320.0 0.394028673610871 
0.1 340.0 0.4390897416224349 
0.12 340.0 0.4408231717559347 
0.14 340.0 0.4425505044294763 
0.16 340.0 0.44427175038608274 
0.18 340.0 0.4459869203687777 
0.2 340.0 0.4476960251205849 
0.22 340.0 0.4493990753845279 
0.24 340.0 0.4643266919092964 
0.26 340.0 0.46619871837477345 
0.28 340.0 0.4680644080954534 
0.3 340.0 0.4699237718143596 
0.1 360.0 0.5194536604271502 
0.12 360.0 0.5214852111866415 
0.14 360.0 0.523509570064223 
0.16 360.0 0.5255267498124527 
0.18 360.0 0.5275367631838872 
0.2 360.0 0.5295396229310838 
0.22 360.0 0.5315353418066001 
0.24 360.0 0.5335239325629926 
0.26 360.0 0.5355054079528193 
0.28 360.0 0.5374797807286367 
0.3 360.0 0.5394470636430021 
0.1 380.0 0.5933400497646211 
0.12 380.0 0.5954801141372634 
0.14 380.0 0.5976121738670501 
0.16 380.0 0.5997362439522312 
0.18 380.0 0.6018523393910553 
0.2 380.0 0.6039604751817722 
0.22 380.0 0.6060606663226309 
0.24 380.0 0.608152927811881 
0.26 380.0 0.6102372746477713 
0.28 380.0 0.6123137218285514 
0.3 380.0 0.6143822843524703 
0.1 400.0 0.6727060142815419 
0.12 400.0 0.6749475530346207 
0.14 400.0 0.6771802448336354 
0.16 400.0 0.6794041071718055 
0.18 400.0 0.6816191575423511 
0.2 400.0 0.6838254134384918 
0.22 400.0 0.6860228923534473 
0.24 400.0 0.6882116117804372 
0.26 400.0 0.6903915892126816 
0.28 400.0 0.6925628421433998 
0.3 400.0 0.6947253880658119 
0.1 420.0 0.778542577788006 
0.12 420.0 0.781134919314198 
0.14 420.0 0.7837170243638658 
0.16 420.0 0.7862889131875974 
0.18 420.0 0.7888506060359813 
0.2 420.0 0.7914021231596065 
0.22 420.0 0.7939434848090607 
0.24 420.0 0.796474711234933 
0.26 420.0 0.7989958226878116 
0.28 420.0 0.8015068394182852 
0.3 420.0 0.8040077816769423 
0.1 440.0 0.8719046061681573 
0.12 440.0 0.8746004310158707 
0.14 440.0 0.877285063207117 
0.16 440.0 0.8799585260253708 
0.18 440.0 0.8826208427541079 
0.2 440.0 0.8852720366768039 
0.22 440.0 0.8879121310769339 
0.24 440.0 0.890541149237974 
0.26 440.0 0.8931591144433995 
0.28 440.0 0.8957660499766852 
0.3 440.0 0.8983619791213074 
0.1 460.0 0.9709957281198793 
0.12 460.0 0.9737864856136259 
0.14 460.0 0.9765650705102155 
0.16 460.0 0.979331509414649 
0.18 460.0 0.9820858289319265 
0.2 460.0 0.9848280556670491 
0.22 460.0 0.9875582162250174 
0.24 460.0 0.9902763372108314 
0.26 460.0 0.9929824452294919 
0.28 460.0 0.9956765668859997 
0.3 460.0 0.9983587287853553 
0.1 480.0 1.0757965901618967 
0.12 480.0 1.1087187408984287 
0.14 480.0 1.111901090801559 
0.16 480.0 1.1150695852068995 
0.18 480.0 1.1182242543427354 
0.2 480.0 1.1213651284373496 
0.22 480.0 1.124492237719025 
0.24 480.0 1.1276056124160474 
0.26 480.0 1.1307052827566986 
0.28 480.0 1.1337912789692635 
0.3 480.0 1.136863631282025 
0.1 500.0 1.2197970741370727 
0.12 500.0 1.2230885915016743 
0.14 500.0 1.2263651286565604 
0.16 500.0 1.229626719768177 
0.18 500.0 1.2328733990029677 
0.2 500.0 1.236105200527378 
0.22 500.0 1.2393221585078522 
0.24 500.0 1.242524307110836 
0.26 500.0 1.245711680502773 
0.28 500.0 1.2488843128501095 
0.3 500.0 1.2520422383192884 
0.1 300.0 0.3220603694766498 
0.12 300.0 0.32357958577858753 
0.14 300.0 0.325094070426536 
0.16 300.0 0.3266038308004472 
0.1 300.0 0.3220603694766498 
0.12 300.0 0.32357958577858753 
0.14 300.0 0.325094070426536 
0.16 300.0 0.3266038308004472 
0.18 300.0 0.32810887428027324 
0.2 300.0 0.3296092082459662 
0.22 300.0 0.3311048400774781 
0.24 300.0 0.33259577715476113 
0.26 300.0 0.3340820268577672 
0.28 300.0 0.33556359656644863 
0.3 300.0 0.3370404936607573 
0.1 320.0 0.3779813710407422 
0.12 320.0 0.37961028148218545 
0.14 320.0 0.3812337946652349 
0.16 320.0 0.3828519195464189 
0.18 320.0 0.384464665082266 
0.2 320.0 0.38607204022930464 
0.22 320.0 0.3876740539440637 
0.24 320.0 0.38927071518307127 
0.26 320.0 0.390862032902856 
0.28 320.0 0.3924480160599465 
0.3 320.0 0.394028673610871 
0.1 340.0 0.4390897416224349 
0.12 340.0 0.4408231717559347 
0.14 340.0 0.4425505044294763 
0.16 340.0 0.44427175038608274 
0.18 340.0 0.4459869203687777 
0.2 340.0 0.4476960251205849 
0.22 340.0 0.4493990753845279 
0.24 340.0 0.4643266919092964 
0.26 340.0 0.46619871837477345 
0.28 340.0 0.4680644080954534 
0.3 340.0 0.4699237718143596 
0.1 360.0 0.5194536604271502 
0.12 360.0 0.5214852111866415 
0.14 360.0 0.523509570064223 
0.16 360.0 0.5255267498124527 
0.18 360.0 0.5275367631838872 
0.2 360.0 0.5295396229310838 
0.22 360.0 0.5315353418066001 
0.24 360.0 0.5335239325629926 
0.26 360.0 0.5355054079528193 
0.28 360.0 0.5374797807286367 
0.3 360.0 0.5394470636430021 
0.1 380.0 0.5933400497646211 
0.12 380.0 0.5954801141372634 
0.14 380.0 0.5976121738670501 
0.16 380.0 0.5997362439522312 
0.18 380.0 0.6018523393910553 
0.2 380.0 0.6039604751817722 
0.22 380.0 0.6060606663226309 
0.24 380.0 0.608152927811881 
0.26 380.0 0.6102372746477713 
0.28 380.0 0.6123137218285514 
0.3 380.0 0.6143822843524703 
0.1 400.0 0.6727060142815419 
0.12 400.0 0.6749475530346207 
0.14 400.0 0.6771802448336354 
0.16 400.0 0.6794041071718055 
0.18 400.0 0.6816191575423511 
0.2 400.0 0.6838254134384918 
0.22 400.0 0.6860228923534473 
0.24 400.0 0.6882116117804372 
0.26 400.0 0.6903915892126816 
0.28 400.0 0.6925628421433998 
0.3 400.0 0.6947253880658119 
0.1 420.0 0.778542577788006 
0.12 420.0 0.781134919314198 
0.14 420.0 0.7837170243638658 
0.16 420.0 0.7862889131875974 
0.18 420.0 0.7888506060359813 
0.2 420.0 0.7914021231596065 
0.22 420.0 0.7939434848090607 
0.24 420.0 0.796474711234933 
0.26 420.0 0.7989958226878116 
0.28 420.0 0.8015068394182852 
0.3 420.0 0.8040077816769423 
0.1 440.0 0.8719046061681573 
0.12 440.0 0.8746004310158707 
0.14 440.0 0.877285063207117 
0.16 440.0 0.8799585260253708 
0.18 440.0 0.8826208427541079 
0.2 440.0 0.8852720366768039 
0.22 440.0 0.8879121310769339 
0.24 440.0 0.890541149237974 
0.26 440.0 0.8931591144433995 
0.28 440.0 0.8957660499766852 
0.3 440.0 0.8983619791213074 
0.1 460.0 0.9709957281198793 
0.12 460.0 0.9737864856136259 
0.14 460.0 0.9765650705102155 
0.16 460.0 0.979331509414649 
0.18 460.0 0.9820858289319265 
0.2 460.0 0.9848280556670491 
0.22 460.0 0.9875582162250174 
0.24 460.0 0.9902763372108314 
0.26 460.0 0.9929824452294919 
0.28 460.0 0.9956765668859997 
0.3 460.0 0.9983587287853553 
0.1 480.0 1.0757965901618967 
0.12 480.0 1.1087187408984287 
0.14 480.0 1.111901090801559 
0.16 480.0 1.1150695852068995 
0.18 480.0 1.1182242543427354 
0.2 480.0 1.1213651284373496 
0.22 480.0 1.124492237719025 
0.24 480.0 1.1276056124160474 
0.26 480.0 1.1307052827566986 
0.28 480.0 1.1337912789692635 
0.3 480.0 1.136863631282025 
0.1 500.0 1.2197970741370727 
0.12 500.0 1.2230885915016743 
0.14 500.0 1.2263651286565604 
0.16 500.0 1.229626719768177 
0.18 500.0 1.2328733990029677 
0.2 500.0 1.236105200527378 
0.22 500.0 1.2393221585078522 
0.24 500.0 1.242524307110836 
0.26 500.0 1.245711680502773 
0.28 500.0 1.2488843128501095 
0.3 500.0 1.2520422383192884 
0.1 300.0 0.3220603694766498 
0.12 300.0 0.32357958577858753 
0.1 300.0 0.3156655982130259 
0.12 300.0 0.31707650427488804 
0.14 300.0 0.31848285060326265 
0.16 300.0 0.31988464457810184 
0.18 300.0 0.32128189357935766 
0.2 300.0 0.3226746049869822 
0.22 300.0 0.32647625674295316 
0.24 300.0 0.32789617601325094 
0.26 300.0 0.3293115209971377 
0.28 300.0 0.3307222990745656 
0.3 300.0 0.33212851762548656 
0.1 320.0 0.37289582777904073 
0.12 320.0 0.3744445168079252 
0.14 320.0 0.3786635482451488 
0.16 320.0 0.38024218224885226 
0.18 320.0 0.38181550301004613 
0.2 320.0 0.38338351948525895 
0.22 320.0 0.38494624063101907 
0.24 320.0 0.38650367540385544 
0.26 320.0 0.3880558327602962 
0.28 320.0 0.38960272165687 
0.3 320.0 0.39114435105010525 
0.1 340.0 0.43908974162243475 
0.12 340.0 0.4408231717559348 
0.14 340.0 0.442550504429476 
0.16 340.0 0.4442717503860826 
0.18 340.0 0.4459869203687777 
0.2 340.0 0.44769602512058476 
0.22 340.0 0.4493990753845277 
0.24 340.0 0.4510960819036298 
0.26 340.0 0.45278705542091496 
0.28 340.0 0.4544720066794064 
0.3 340.0 0.456150946422128 
0.1 360.0 0.508839881170947 
0.12 360.0 0.510719408968607 
0.14 360.0 0.5125920194471516 
0.16 360.0 0.5144577253591379 
0.18 360.0 0.5163165394571232 
0.2 360.0 0.5181684744936642 
0.22 360.0 0.5200135432213185 
0.24 360.0 0.5218517583926433 
0.26 360.0 0.5236831327601958 
0.28 360.0 0.5294546630996307 
0.3 360.0 0.5313209227860042 
0.1 380.0 0.5849168243852021 
0.12 380.0 0.5869440185051777 
0.14 380.0 0.5889634221305147 
0.16 380.0 0.5909750502594623 
0.18 380.0 0.5929789178902694 
0.2 380.0 0.5992957844202644 
0.22 380.0 0.6013374508314908 
0.24 380.0 0.6033712989623411 
0.26 380.0 0.605397343811064 
0.28 380.0 0.607415600375909 
0.3 380.0 0.6094260836551256 
0.1 400.0 0.6674926606576179 
0.12 400.0 0.6696687352935131 
0.14 400.0 0.6766056278155275 
0.16 400.0 0.6788224173749401 
0.18 400.0 0.6810304090046168 
0.2 400.0 0.6832296201977771 
0.22 400.0 0.6854200684476409 
0.24 400.0 0.6876017712474278 
0.26 400.0 0.6897747460903576 
0.28 400.0 0.6919390104696501 
0.3 400.0 0.6940945818785251 
0.1 420.0 0.7620437490124804 
0.12 420.0 0.7644326493248269 
0.14 420.0 0.766811723439973 
0.16 420.0 0.769180991608507 
0.18 420.0 0.7715404740810173 
0.2 420.0 0.7738901911080927 
0.22 420.0 0.7762301629403214 
0.24 420.0 0.7785604098282923 
0.26 420.0 0.7808809520225932 
0.28 420.0 0.7831918097738135 
0.3 420.0 0.7854930033325411 
0.1 440.0 0.8588316047994844 
0.12 440.0 0.8613756680017028 
0.14 440.0 0.8639088584889407 
0.16 440.0 0.8664311995446735 
0.18 440.0 0.8689427144523764 
0.2 440.0 0.871443426495525 
0.22 440.0 0.873933358957595 
0.24 440.0 0.8764125351220619 
0.26 440.0 0.8853729068841669 
0.28 440.0 0.8878978047524234 
0.3 440.0 0.8904118709810871 
0.1 460.0 0.9626748223731277 
0.12 460.0 0.9653744672307611 
0.14 460.0 0.9680621400645754 
0.16 460.0 0.9707378674795709 
0.18 460.0 0.9734016760807483 
0.2 460.0 0.9831246137068059 
0.22 460.0 0.9858371300338332 
0.24 460.0 0.9885376457989585 
0.26 460.0 0.9912261876071822 
0.28 460.0 0.9939027820635042 
0.3 460.0 0.996567455772926 
0.1 480.0 1.073737817848542 
0.12 480.0 1.07659320449779 
0.14 480.0 1.0871107674562774 
0.16 480.0 1.0900178959266458 
0.18 480.0 1.092911782251551 
0.2 480.0 1.0957924566592772 
0.22 480.0 1.0986599493781077 
0.24 480.0 1.101514290636326 
0.26 480.0 1.1043555106622165 
0.28 480.0 1.1071836396840626 
0.3 480.0 1.1099987079301477 
0.1 500.0 1.2005715579280458 
0.12 500.0 1.2036660576817744 
0.14 500.0 1.2067460329915431 
0.16 500.0 1.2098115180237967 
0.18 500.0 1.2128625469449799 
0.2 500.0 1.2158991539215374 
0.22 500.0 1.2189213731199144 
0.24 500.0 1.2219292387065552 
0.26 500.0 1.2249227848479052 
0.28 500.0 1.2279020457104084 
0.3 500.0 1.239996540345447 
0.1 300.0 0.3155944564569181 
0.12 300.0 0.3170041854731455 
0.14 300.0 0.3184093566597971 
0.16 300.0 0.3198099773968239 
0.18 300.0 0.3212060550641789 
0.2 300.0 0.3225975970418134 
0.22 300.0 0.3239846107096802 
0.24 300.0 0.32536710344773073 
0.26 300.0 0.3267450826359177 
0.28 300.0 0.3296668893732062 
0.3 300.0 0.3310579458019117 
0.1 320.0 0.3725591049262457 
0.12 320.0 0.3741025750442525 
0.14 320.0 0.3756407914791016 
0.16 320.0 0.37884355590846486 
0.18 320.0 0.380395995231885 
0.2 320.0 0.38194316561651537 
0.22 320.0 0.38348507601888443 
0.24 320.0 0.3850217353955206 
0.26 320.0 0.3865531527029524 
0.28 320.0 0.3880793368977082 
0.3 320.0 0.38960029693631687 
0.1 340.0 0.4372278952975091 
0.12 340.0 0.4389338716378786 
0.14 340.0 0.44063379903902594 
0.16 340.0 0.44232768824397495 
0.18 340.0 0.444015549995749 
0.2 340.0 0.44569739503737155 
0.22 340.0 0.4473732341118666 
0.24 340.0 0.4510960819036298 
0.26 340.0 0.45278705542091496 
0.28 340.0 0.4544720066794064 
0.3 340.0 0.456150946422128 
0.1 360.0 0.506328033493298 
0.12 360.0 0.5081727418909057 
0.14 360.0 0.5122411570783124 
0.16 360.0 0.5141021227535566 
0.18 360.0 0.5159562053835609 
0.2 360.0 0.517803417720883 
0.22 360.0 0.5196437725180799 
0.24 360.0 0.5214772825277088 
0.26 360.0 0.5233039605023269 
0.28 360.0 0.5251238191944911 
0.3 360.0 0.5269368713567592 
0.1 380.0 0.5841271232366858 
0.12 380.0 0.5861439478798215 
0.14 380.0 0.5881530019979919 
0.16 380.0 0.5901543005894468 
0.18 380.0 0.5921478586524352 
0.2 380.0 0.5941336911852069 
0.22 380.0 0.5988029674652483 
0.24 380.0 0.6008058977004058 
0.26 380.0 0.6028010842492852 
0.28 380.0 0.6047885421101359 
0.3 380.0 0.6067682862812068 
0.1 400.0 0.6661318555598694 
0.12 400.0 0.6711942350213292 
0.14 400.0 0.6733803394517568 
0.16 400.0 0.6755577071165249 
0.18 400.0 0.6777263555088529 
0.2 400.0 0.6798863021219612 
0.22 400.0 0.6820375644490693 
0.24 400.0 0.6841801599833967 
0.26 400.0 0.6863141062181635 
0.28 400.0 0.6916066810681548 
0.3 400.0 0.6937585426040674 
0.1 420.0 0.7579401493134501 
0.12 420.0 0.7602801943679697 
0.14 420.0 0.762610514325918 
0.16 420.0 0.764931129437883 
0.18 420.0 0.7672420599544535 
0.2 420.0 0.7729874546291899 
0.22 420.0 0.7753173321985094 
0.24 420.0 0.7776375058440365 
0.26 420.0 0.7799479958163593 
0.28 420.0 0.782248822366067 
0.3 420.0 0.7845400057437475 
0.1 440.0 0.8535951293728495 
0.12 440.0 0.8598119336809115 
0.14 440.0 0.8623276048626428 
0.16 440.0 0.8648324642351214 
0.18 440.0 0.8673265350818223 
0.2 440.0 0.8698098406862214 
0.22 440.0 0.8722824043317942 
0.24 440.0 0.8747442493020159 
0.26 440.0 0.8811917501505083 
0.28 440.0 0.8836732621316442 
0.3 440.0 0.8861440360381712 
0.1 460.0 0.9602771949160812 
0.12 460.0 0.9629509620005827 
0.14 460.0 0.9656128146430097 
0.16 460.0 0.9682627794483626 
0.18 460.0 0.9752146462245495 
0.2 460.0 0.9778852560915364 
0.22 460.0 0.9805439585607467 
0.24 460.0 0.9831907802371809 
0.26 460.0 0.985825747725839 
0.28 460.0 0.988448887631722 
0.3 460.0 0.9956123992801654 
0.1 480.0 1.0749561169265127 
0.12 480.0 1.0778240978308506 
0.14 480.0 1.0806789261538308 
0.16 480.0 1.0835206321237376 
0.18 480.0 1.0863492459688537 
0.2 480.0 1.0891647979174637 
0.22 480.0 1.0968635359515102 
0.24 480.0 1.0997003863588006 
0.26 480.0 1.1025241558441237 
0.28 480.0 1.1053348746357634 
0.3 480.0 1.1081325729620035 
0.1 500.0 1.1927280422858 
0.12 500.0 1.1957444589868647 
0.14 500.0 1.1987465358783056 
0.16 500.0 1.2070350180692926 
0.18 500.0 1.2100592529779939 
0.2 500.0 1.2130691294833904 
0.22 500.0 1.216064681751927 
0.24 500.0 1.2190459439500476 
0.26 500.0 1.2220129502441983 
0.28 500.0 1.2305372416359484 
0.3 500.0 1.233526077004293 
0.1 300.0 0.3155944564569181 
0.12 300.0 0.3170041854731455 
0.14 300.0 0.3184093566597971 
0.16 300.0 0.3198099773968239 
0.18 300.0 0.3212060550641789 
0.2 300.0 0.3225975970418134 
0.22 300.0 0.3239846107096802 
0.24 300.0 0.32536710344773073 
0.26 300.0 0.3267450826359177 
0.28 300.0 0.3296668893732062 
0.3 300.0 0.3310579458019117 
0.1 320.0 0.3725591049262457 
0.12 320.0 0.3741025750442525 
0.14 320.0 0.3756407914791016 
0.16 320.0 0.37884355590846486 
0.18 320.0 0.380395995231885 
0.2 320.0 0.38194316561651537 
0.22 320.0 0.38348507601888443 
0.24 320.0 0.3850217353955206 
0.26 320.0 0.3865531527029524 
0.28 320.0 0.3880793368977082 
0.3 320.0 0.38960029693631687 
0.1 340.0 0.4372278952975091 
0.12 340.0 0.4389338716378786 
0.14 340.0 0.44063379903902594 
0.16 340.0 0.44232768824397495 
0.18 340.0 0.444015549995749 
0.2 340.0 0.44569739503737155 
0.22 340.0 0.4473732341118666 
0.24 340.0 0.4510960819036298 
0.26 340.0 0.45278705542091496 
0.28 340.0 0.4544720066794064 
0.3 340.0 0.456150946422128 
0.1 360.0 0.506328033493298 
0.12 360.0 0.5081727418909057 
0.14 360.0 0.5122411570783124 
0.16 360.0 0.5141021227535566 
0.18 360.0 0.5159562053835609 
0.2 360.0 0.517803417720883 
0.22 360.0 0.5196437725180799 
0.24 360.0 0.5214772825277088 
0.26 360.0 0.5233039605023269 
0.28 360.0 0.5251238191944911 
0.3 360.0 0.5269368713567592 
0.1 380.0 0.5841271232366858 
0.12 380.0 0.5861439478798215 
0.14 380.0 0.5881530019979919 
0.16 380.0 0.5901543005894468 
0.18 380.0 0.5921478586524352 
0.2 380.0 0.5941336911852069 
0.22 380.0 0.5988029674652483 
0.24 380.0 0.6008058977004058 
0.26 380.0 0.6028010842492852 
0.28 380.0 0.6047885421101359 
0.3 380.0 0.6067682862812068 
0.1 400.0 0.6661318555598694 
0.12 400.0 0.6711942350213292 
0.14 400.0 0.6733803394517568 
0.16 400.0 0.6755577071165249 
0.18 400.0 0.6777263555088529 
0.2 400.0 0.6798863021219612 
0.22 400.0 0.6820375644490693 
0.24 400.0 0.6841801599833967 
0.26 400.0 0.6863141062181635 
0.28 400.0 0.6916066810681548 
0.3 400.0 0.6937585426040674 
0.1 420.0 0.7579401493134501 
0.12 420.0 0.7602801943679697 
0.14 420.0 0.762610514325918 
0.16 420.0 0.764931129437883 
0.18 420.0 0.7672420599544535 
0.2 420.0 0.7729874546291899 
0.22 420.0 0.7753173321985094 
0.24 420.0 0.7776375058440365 
0.26 420.0 0.7799479958163593 
0.28 420.0 0.782248822366067 
0.3 420.0 0.7845400057437475 
0.1 440.0 0.8535951293728495 
0.12 440.0 0.8598119336809115 
0.14 440.0 0.8623276048626428 
0.16 440.0 0.8648324642351214 
0.18 440.0 0.8673265350818223 
0.2 440.0 0.8698098406862214 
0.22 440.0 0.8722824043317942 
0.24 440.0 0.8747442493020159 
0.26 440.0 0.8811917501505083 
0.28 440.0 0.8836732621316442 
0.3 440.0 0.8861440360381712 
0.1 460.0 0.9602771949160812 
0.12 460.0 0.9629509620005827 
0.14 460.0 0.9656128146430097 
0.16 460.0 0.9682627794483626 
0.18 460.0 0.9752146462245495 
0.2 460.0 0.9778852560915364 
0.22 460.0 0.9805439585607467 
0.24 460.0 0.9831907802371809 
0.26 460.0 0.985825747725839 
0.28 460.0 0.988448887631722 
0.3 460.0 0.9956123992801654 
0.1 480.0 1.0749561169265127 
0.12 480.0 1.0778240978308506 
0.14 480.0 1.0806789261538308 
0.16 480.0 1.0835206321237376 
0.18 480.0 1.0863492459688537 
0.2 480.0 1.0891647979174637 
0.22 480.0 1.0968635359515102 
0.24 480.0 1.0997003863588006 
0.26 480.0 1.1025241558441237 
0.28 480.0 1.1053348746357634 
0.3 480.0 1.1081325729620035 
0.1 500.0 1.1927280422858 
0.12 500.0 1.1957444589868647 
0.14 500.0 1.1987465358783056 
0.16 500.0 1.2070350180692926 
0.18 500.0 1.2100592529779939 
0.2 500.0 1.2130691294833904 
0.22 500.0 1.216064681751927 
0.24 500.0 1.2190459439500476 
0.26 500.0 1.2220129502441983 
0.28 500.0 1.2305372416359484 
0.3 500.0 1.233526077004293 
0.1 300.0 0.3155944564569181 
0.12 300.0 0.3170041854731455 
0.14 300.0 0.3184093566597971 
0.16 300.0 0.3198099773968239 
0.1 300.0 0.3155944564569181 
0.12 300.0 0.3170041854731455 
0.14 300.0 0.3184093566597971 
0.16 300.0 0.3198099773968239 
0.18 300.0 0.3212060550641789 
0.2 300.0 0.3225975970418134 
0.22 300.0 0.3239846107096802 
0.24 300.0 0.32536710344773073 
0.26 300.0 0.3267450826359177 
0.28 300.0 0.3296668893732062 
0.3 300.0 0.3310579458019117 
0.1 320.0 0.3725591049262457 
0.12 320.0 0.3741025750442525 
0.14 320.0 0.3756407914791016 
0.16 320.0 0.37884355590846486 
0.18 320.0 0.380395995231885 
0.2 320.0 0.38194316561651537 
0.22 320.0 0.38348507601888443 
0.24 320.0 0.3850217353955206 
0.26 320.0 0.3865531527029524 
0.28 320.0 0.3880793368977082 
0.3 320.0 0.38960029693631687 
0.1 340.0 0.4372278952975091 
0.12 340.0 0.4389338716378786 
0.14 340.0 0.44063379903902594 
0.16 340.0 0.44232768824397495 
0.18 340.0 0.444015549995749 
0.2 340.0 0.44569739503737155 
0.22 340.0 0.4473732341118666 
0.24 340.0 0.4510960819036298 
0.26 340.0 0.45278705542091496 
0.28 340.0 0.4544720066794064 
0.3 340.0 0.456150946422128 
0.1 360.0 0.506328033493298 
0.12 360.0 0.5081727418909057 
0.14 360.0 0.5122411570783124 
0.16 360.0 0.5141021227535566 
0.18 360.0 0.5159562053835609 
0.2 360.0 0.517803417720883 
0.22 360.0 0.5196437725180799 
0.24 360.0 0.5214772825277088 
0.26 360.0 0.5233039605023269 
0.28 360.0 0.5251238191944911 
0.3 360.0 0.5269368713567592 
0.1 380.0 0.5841271232366858 
0.12 380.0 0.5861439478798215 
0.14 380.0 0.5881530019979919 
0.16 380.0 0.5901543005894468 
0.18 380.0 0.5921478586524352 
0.2 380.0 0.5941336911852069 
0.22 380.0 0.5988029674652483 
0.24 380.0 0.6008058977004058 
0.26 380.0 0.6028010842492852 
0.28 380.0 0.6047885421101359 
0.3 380.0 0.6067682862812068 
0.1 400.0 0.6661318555598694 
0.12 400.0 0.6711942350213292 
0.14 400.0 0.6733803394517568 
0.16 400.0 0.6755577071165249 
0.18 400.0 0.6777263555088529 
0.2 400.0 0.6798863021219612 
0.22 400.0 0.6820375644490693 
0.24 400.0 0.6841801599833967 
0.26 400.0 0.6863141062181635 
0.28 400.0 0.6916066810681548 
0.3 400.0 0.6937585426040674 
0.1 420.0 0.7579401493134501 
0.12 420.0 0.7602801943679697 
0.14 420.0 0.762610514325918 
0.16 420.0 0.764931129437883 
0.18 420.0 0.7672420599544535 
0.2 420.0 0.7729874546291899 
0.22 420.0 0.7753173321985094 
0.24 420.0 0.7776375058440365 
0.26 420.0 0.7799479958163593 
0.28 420.0 0.782248822366067 
0.3 420.0 0.7845400057437475 
0.1 440.0 0.8535951293728495 
0.12 440.0 0.8598119336809115 
0.14 440.0 0.8623276048626428 
0.16 440.0 0.8648324642351214 
0.18 440.0 0.8673265350818223 
0.2 440.0 0.8698098406862214 
0.22 440.0 0.8722824043317942 
0.24 440.0 0.8747442493020159 
0.26 440.0 0.8811917501505083 
0.28 440.0 0.8836732621316442 
0.3 440.0 0.8861440360381712 
0.1 460.0 0.9602771949160812 
0.12 460.0 0.9629509620005827 
0.14 460.0 0.9656128146430097 
0.16 460.0 0.9682627794483626 
0.18 460.0 0.9752146462245495 
0.2 460.0 0.9778852560915364 
0.22 460.0 0.9805439585607467 
0.24 460.0 0.9831907802371809 
0.26 460.0 0.985825747725839 
0.28 460.0 0.988448887631722 
0.3 460.0 0.9956123992801654 
0.1 480.0 1.0749561169265127 
0.12 480.0 1.0778240978308506 
0.14 480.0 1.0806789261538308 
0.16 480.0 1.0835206321237376 
0.18 480.0 1.0863492459688537 
0.2 480.0 1.0891647979174637 
0.22 480.0 1.0968635359515102 
0.24 480.0 1.0997003863588006 
0.26 480.0 1.1025241558441237 
0.28 480.0 1.1053348746357634 
0.3 480.0 1.1081325729620035 
0.1 500.0 1.1927280422858 
0.12 500.0 1.1957444589868647 
0.14 500.0 1.1987465358783056 
0.16 500.0 1.2070350180692926 
0.18 500.0 1.2100592529779939 
0.2 500.0 1.2130691294833904 
0.22 500.0 1.216064681751927 
0.24 500.0 1.2190459439500476 
0.26 500.0 1.2220129502441983 
0.28 500.0 1.2305372416359484 
0.3 500.0 1.233526077004293 
0.1 300.0 0.3155944564569181 
0.12 300.0 0.3170041854731455 
0.14 300.0 0.3184093566597971 
0.16 300.0 0.3198099773968239 
0.18 300.0 0.3212060550641789 
0.2 300.0 0.3225975970418134 
0.22 300.0 0.3239846107096802 
0.24 300.0 0.32536710344773073 
0.26 300.0 0.3267450826359177 
0.28 300.0 0.3296668893732062 
0.3 300.0 0.3310579458019117 
0.1 320.0 0.3725591049262457 
0.12 320.0 0.3741025750442525 
0.14 320.0 0.3756407914791016 
0.16 320.0 0.37884355590846486 
0.18 320.0 0.380395995231885 
0.2 320.0 0.38194316561651537 
0.22 320.0 0.38348507601888443 
0.24 320.0 0.3850217353955206 
0.26 320.0 0.3865531527029524 
0.28 320.0 0.3880793368977082 
0.3 320.0 0.38960029693631687 
0.1 340.0 0.4372278952975091 
0.12 340.0 0.4389338716378786 
0.14 340.0 0.44063379903902594 
0.16 340.0 0.44232768824397495 
0.18 340.0 0.444015549995749 
0.2 340.0 0.44569739503737155 
0.22 340.0 0.4473732341118666 
0.24 340.0 0.4510960819036298 
0.26 340.0 0.45278705542091496 
0.28 340.0 0.4544720066794064 
0.3 340.0 0.456150946422128 
0.1 360.0 0.506328033493298 
0.12 360.0 0.5081727418909057 
0.14 360.0 0.5122411570783124 
0.16 360.0 0.5141021227535566 
0.18 360.0 0.5159562053835609 
0.2 360.0 0.517803417720883 
0.22 360.0 0.5196437725180799 
0.24 360.0 0.5214772825277088 
0.26 360.0 0.5233039605023269 
0.28 360.0 0.5251238191944911 
0.3 360.0 0.5269368713567592 
0.1 380.0 0.5841271232366858 
0.12 380.0 0.5861439478798215 
0.14 380.0 0.5881530019979919 
0.16 380.0 0.5901543005894468 
0.18 380.0 0.5921478586524352 
0.2 380.0 0.5941336911852069 
0.22 380.0 0.5988029674652483 
0.24 380.0 0.6008058977004058 
0.26 380.0 0.6028010842492852 
0.28 380.0 0.6047885421101359 
0.3 380.0 0.6067682862812068 
0.1 400.0 0.6661318555598694 
0.12 400.0 0.6711942350213292 
0.14 400.0 0.6733803394517568 
0.16 400.0 0.6755577071165249 
0.18 400.0 0.6777263555088529 
0.2 400.0 0.6798863021219612 
0.22 400.0 0.6820375644490693 
0.24 400.0 0.6841801599833967 
0.26 400.0 0.6863141062181635 
0.28 400.0 0.6916066810681548 
0.1 300.0 0.3155944564569181 
0.12 300.0 0.3170041854731455 
0.14 300.0 0.3184093566597971 
0.16 300.0 0.3198099773968239 
0.18 300.0 0.3212060550641789 
0.2 300.0 0.3225975970418134 
0.22 300.0 0.3239846107096802 
0.24 300.0 0.32536710344773073 
0.26 300.0 0.3267450826359177 
0.28 300.0 0.3296668893732062 
0.3 300.0 0.3310579458019117 
0.1 320.0 0.3725591049262457 
0.12 320.0 0.3741025750442525 
0.14 320.0 0.3756407914791016 
0.16 320.0 0.37884355590846486 
0.18 320.0 0.380395995231885 
0.2 320.0 0.38194316561651537 
0.22 320.0 0.38348507601888443 
0.24 320.0 0.3850217353955206 
0.26 320.0 0.3865531527029524 
0.28 320.0 0.3880793368977082 
0.3 320.0 0.38960029693631687 
0.1 340.0 0.4372278952975091 
0.12 340.0 0.4389338716378786 
0.14 340.0 0.44063379903902594 
0.16 340.0 0.44232768824397495 
0.18 340.0 0.444015549995749 
0.2 340.0 0.44569739503737155 
0.22 340.0 0.4473732341118666 
0.24 340.0 0.4510960819036298 
0.26 340.0 0.45278705542091496 
0.28 340.0 0.4544720066794064 
0.3 340.0 0.456150946422128 
0.1 360.0 0.506328033493298 
0.12 360.0 0.5081727418909057 
0.14 360.0 0.5122411570783124 
0.16 360.0 0.5141021227535566 
0.18 360.0 0.5159562053835609 
0.2 360.0 0.517803417720883 
0.22 360.0 0.5196437725180799 
0.24 360.0 0.5214772825277088 
0.26 360.0 0.5233039605023269 
0.28 360.0 0.5251238191944911 
0.3 360.0 0.5269368713567592 
0.1 380.0 0.5841271232366858 
0.12 380.0 0.5861439478798215 
0.14 380.0 0.5881530019979919 
0.16 380.0 0.5901543005894468 
0.18 380.0 0.5921478586524352 
0.2 380.0 0.5941336911852069 
0.22 380.0 0.5988029674652483 
0.24 380.0 0.6008058977004058 
0.26 380.0 0.6028010842492852 
0.28 380.0 0.6047885421101359 
0.3 380.0 0.6067682862812068 
0.1 400.0 0.6661318555598694 
0.12 400.0 0.6711942350213292 
0.14 400.0 0.6733803394517568 
0.16 400.0 0.6755577071165249 
0.18 400.0 0.6777263555088529 
0.2 400.0 0.6798863021219612 
0.22 400.0 0.6820375644490693 
0.24 400.0 0.6841801599833967 
0.26 400.0 0.6863141062181635 
0.28 400.0 0.6916066810681548 
0.3 400.0 0.6937585426040674 
0.1 420.0 0.7579401493134501 
0.12 420.0 0.7602801943679697 
0.14 420.0 0.762610514325918 
0.16 420.0 0.764931129437883 
0.18 420.0 0.7672420599544535 
0.2 420.0 0.7729874546291899 
0.22 420.0 0.7753173321985094 
0.24 420.0 0.7776375058440365 
0.26 420.0 0.7799479958163593 
0.28 420.0 0.782248822366067 
0.3 420.0 0.7845400057437475 
0.1 440.0 0.8535951293728495 
0.12 440.0 0.8598119336809115 
0.14 440.0 0.8623276048626428 
0.16 440.0 0.8648324642351214 
0.18 440.0 0.8673265350818223 
0.2 440.0 0.8698098406862214 
0.22 440.0 0.8722824043317942 
0.24 440.0 0.8747442493020159 
0.26 440.0 0.8811917501505083 
0.28 440.0 0.8836732621316442 
0.3 440.0 0.8861440360381712 
0.1 460.0 0.9602771949160812 
0.12 460.0 0.9629509620005827 
0.14 460.0 0.9656128146430097 
0.16 460.0 0.9682627794483626 
0.18 460.0 0.9752146462245495 
0.2 460.0 0.9778852560915364 
0.22 460.0 0.9805439585607467 
0.24 460.0 0.9831907802371809 
0.26 460.0 0.985825747725839 
0.28 460.0 0.988448887631722 
0.3 460.0 0.9956123992801654 
0.1 480.0 1.0749561169265127 
0.12 480.0 1.0778240978308506 
0.14 480.0 1.0806789261538308 
0.16 480.0 1.0835206321237376 
0.18 480.0 1.0863492459688537 
0.2 480.0 1.0891647979174637 
0.22 480.0 1.0968635359515102 
0.24 480.0 1.0997003863588006 
0.26 480.0 1.1025241558441237 
0.28 480.0 1.1053348746357634 
0.3 480.0 1.1081325729620035 
0.1 500.0 1.1927280422858 
0.12 500.0 1.1957444589868647 
0.14 500.0 1.1987465358783056 
0.16 500.0 1.2070350180692926 
0.18 500.0 1.2100592529779939 
0.2 500.0 1.2130691294833904 
0.22 500.0 1.216064681751927 
0.24 500.0 1.2190459439500476 
0.26 500.0 1.2220129502441983 
0.28 500.0 1.2305372416359484 
0.3 500.0 1.233526077004293 
0.1 300.0 0.3155944564569181 
0.12 300.0 0.3170041854731455 
0.14 300.0 0.3184093566597971 
0.16 300.0 0.3198099773968239 
0.18 300.0 0.3212060550641789 
0.2 300.0 0.3225975970418134 
0.22 300.0 0.3239846107096802 
0.24 300.0 0.32536710344773073 
0.26 300.0 0.3267450826359177 
0.28 300.0 0.3296668893732062 
0.3 300.0 0.3310579458019117 
0.1 320.0 0.3725591049262457 
0.12 320.0 0.3741025750442525 
0.14 320.0 0.3756407914791016 
0.16 320.0 0.37884355590846486 
0.18 320.0 0.380395995231885 
0.2 320.0 0.38194316561651537 
0.22 320.0 0.38348507601888443 
0.24 320.0 0.3850217353955206 
0.26 320.0 0.3865531527029524 
0.28 320.0 0.3880793368977082 
0.3 320.0 0.38960029693631687 
0.1 340.0 0.4372278952975091 
0.12 340.0 0.4389338716378786 
0.14 340.0 0.44063379903902594 
0.16 340.0 0.44232768824397495 
0.18 340.0 0.444015549995749 
0.2 340.0 0.44569739503737155 
0.22 340.0 0.4473732341118666 
0.24 340.0 0.4510960819036298 
0.26 340.0 0.45278705542091496 
0.28 340.0 0.4544720066794064 
0.3 340.0 0.456150946422128 
0.1 360.0 0.506328033493298 
0.12 360.0 0.5081727418909057 
0.14 360.0 0.5122411570783124 
0.16 360.0 0.5141021227535566 
0.18 360.0 0.5159562053835609 
0.2 360.0 0.517803417720883 
0.22 360.0 0.5196437725180799 
0.24 360.0 0.5214772825277088 
0.26 360.0 0.5233039605023269 
0.28 360.0 0.5251238191944911 
0.3 360.0 0.5269368713567592 
0.1 380.0 0.5841271232366858 
0.12 380.0 0.5861439478798215 
0.14 380.0 0.5881530019979919 
0.16 380.0 0.5901543005894468 
0.18 380.0 0.5921478586524352 
0.2 380.0 0.5941336911852069 
0.22 380.0 0.5988029674652483 
0.24 380.0 0.6008058977004058 
0.26 380.0 0.6028010842492852 
0.28 380.0 0.6047885421101359 
0.3 380.0 0.6067682862812068 
0.1 400.0 0.6661318555598694 
0.12 400.0 0.6711942350213292 
0.14 400.0 0.6733803394517568 
0.16 400.0 0.6755577071165249 
0.18 400.0 0.6777263555088529 
0.2 400.0 0.6798863021219612 
0.22 400.0 0.6820375644490693 
0.24 400.0 0.6841801599833967 
0.26 400.0 0.6863141062181635 
0.28 400.0 0.6916066810681548 
0.3 400.0 0.6937585426040674 
0.1 420.0 0.7579401493134501 
0.12 420.0 0.7602801943679697 
0.14 420.0 0.762610514325918 
0.16 420.0 0.764931129437883 
0.18 420.0 0.7672420599544535 
0.2 420.0 0.7729874546291899 
0.22 420.0 0.7753173321985094 
0.24 420.0 0.7776375058440365 
0.26 420.0 0.7799479958163593 
0.28 420.0 0.782248822366067 
0.3 420.0 0.7845400057437475 
0.1 440.0 0.8535951293728495 
0.12 440.0 0.8598119336809115 
0.14 440.0 0.8623276048626428 
0.16 440.0 0.8648324642351214 
0.18 440.0 0.8673265350818223 
0.2 440.0 0.8698098406862214 
0.22 440.0 0.8722824043317942 
0.24 440.0 0.8747442493020159 
0.1 300.0 0.3155944564569181 
0.12 300.0 0.3170041854731455 
0.14 300.0 0.3184093566597971 
0.16 300.0 0.3198099773968239 
0.18 300.0 0.3212060550641789 
0.2 300.0 0.3225975970418134 
0.22 300.0 0.3239846107096802 
0.24 300.0 0.32536710344773073 
0.26 300.0 0.3267450826359177 
0.28 300.0 0.3296668893732062 
0.3 300.0 0.3310579458019117 
0.1 320.0 0.3725591049262457 
0.12 320.0 0.3741025750442525 
0.14 320.0 0.3756407914791016 
0.16 320.0 0.37884355590846486 
0.18 320.0 0.380395995231885 
0.2 320.0 0.38194316561651537 
0.22 320.0 0.38348507601888443 
0.24 320.0 0.3850217353955206 
0.26 320.0 0.3865531527029524 
0.28 320.0 0.3880793368977082 
0.3 320.0 0.38960029693631687 
0.1 340.0 0.4372278952975091 
0.12 340.0 0.4389338716378786 
0.14 340.0 0.44063379903902594 
0.16 340.0 0.44232768824397495 
0.18 340.0 0.444015549995749 
0.2 340.0 0.44569739503737155 
0.22 340.0 0.4473732341118666 
0.24 340.0 0.4510960819036298 
0.26 340.0 0.45278705542091496 
0.28 340.0 0.4544720066794064 
0.3 340.0 0.456150946422128 
0.1 360.0 0.506328033493298 
0.12 360.0 0.5081727418909057 
0.14 360.0 0.5122411570783124 
0.16 360.0 0.5141021227535566 
0.18 360.0 0.5159562053835609 
0.2 360.0 0.517803417720883 
0.22 360.0 0.5196437725180799 
0.24 360.0 0.5214772825277088 
0.26 360.0 0.5233039605023269 
0.28 360.0 0.5251238191944911 
0.3 360.0 0.5269368713567592 
0.1 380.0 0.5841271232366858 
0.12 380.0 0.5861439478798215 
0.1 300.0 0.3155944564569181 
0.12 300.0 0.3170041854731455 
0.14 300.0 0.3184093566597971 
0.16 300.0 0.3198099773968239 
0.18 300.0 0.3212060550641789 
0.2 300.0 0.3225975970418134 
0.22 300.0 0.3239846107096802 
0.24 300.0 0.32536710344773073 
0.26 300.0 0.3267450826359177 
0.28 300.0 0.3296668893732062 
