0.1 300.0 0.3189702091775409 
0.12 300.0 0.3204364691623662 
0.14 300.0 0.32189808075673987 
0.16 300.0 0.323355051340614 
0.18 300.0 0.32480738829394074 
0.19999999999999998 300.0 0.32625509899667204 
0.21999999999999997 300.0 0.32769819082876006 
0.24 300.0 0.3291366711701569 
0.26 300.0 0.3305705474008146 
0.27999999999999997 300.0 0.33199982690068525 
0.3 300.0 0.3334245170497209 
0.1 320.0 0.3766484045237434 
0.12 320.0 0.3782560344128865 
0.14 320.0 0.3798583024445629 
0.16 320.0 0.38145521757530115 
0.18 320.0 0.38304678876162945 
0.19999999999999998 320.0 0.38463302496007684 
0.21999999999999997 320.0 0.38621393512717156 
0.24 320.0 0.3877895282194421 
0.26 320.0 0.38935981319341706 
0.27999999999999997 320.0 0.39092479900562466 
0.3 320.0 0.39248449461259394 
0.1 340.0 0.44026821816577716 
0.12 340.0 0.44201917658451856 
0.14 340.0 0.44376400676526984 
0.16 340.0 0.44550271945105513 
0.18 340.0 0.44723532538489763 
0.19999999999999998 340.0 0.4489618353098208 
0.21999999999999997 340.0 0.45068225996884875 
0.24 340.0 0.46053134904683446 
0.26 340.0 0.4623503246319186 
0.27999999999999997 340.0 0.4641630539818762 
0.3 340.0 0.4659695478397305 
0.1 360.0 0.5100025700559455 
0.12 360.0 0.5118983644882779 
0.14 360.0 0.5225950539949098 
0.16 360.0 0.5245992489220374 
0.18 360.0 0.5265963005955717 
0.19999999999999998 360.0 0.5285862217680698 
0.21999999999999997 360.0 0.5305690251920887 
0.24 360.0 0.5325447236201859 
0.26 360.0 0.5345133298049182 
0.27999999999999997 360.0 0.536474856498843 
0.3 360.0 0.5384293164545177 
0.1 380.0 0.5959197908118664 
0.12 380.0 0.5980952582387529 
0.14 380.0 0.6002626550222322 
0.16 380.0 0.6024219961605529 
0.18 380.0 0.6045732966519646 
0.19999999999999998 380.0 0.6067165714947165 
0.21999999999999997 380.0 0.6088518356870581 
0.24 380.0 0.6109791042272384 
0.26 380.0 0.6130983921135068 
0.27999999999999997 380.0 0.6152097143441125 
0.3 380.0 0.6173130859173048 
0.1 400.0 0.6798523713431083 
0.12 400.0 0.6821858104044584 
0.14 400.0 0.684510222798814 
0.16 400.0 0.6868256260193948 
0.18 400.0 0.6891320375594207 
0.19999999999999998 400.0 0.6914294749121113 
0.21999999999999997 400.0 0.6937179555706863 
0.24 400.0 0.6959974970283657 
0.26 400.0 0.6982681167783691 
0.27999999999999997 400.0 0.7005298323139161 
0.3 400.0 0.7027826611282264 
0.1 420.0 0.7705248312286606 
0.12 420.0 0.7730168938011167 
0.14 420.0 0.7754989200351516 
0.16 420.0 0.7779709301813542 
0.18 420.0 0.780432944490313 
0.19999999999999998 420.0 0.7828849832126165 
0.21999999999999997 420.0 0.785327066598853 
0.24 420.0 0.7877592148996113 
0.26 420.0 0.79018144836548 
0.27999999999999997 420.0 0.7925937872470472 
0.3 420.0 0.7949962517949014 
0.1 440.0 0.8680960793741356 
0.12 440.0 0.8707470751811075 
0.14 440.0 0.873386971880674 
0.16 440.0 0.8760157927563098 
0.18 440.0 0.878633561091491 
0.19999999999999998 440.0 0.8812403001696922 
0.21999999999999997 440.0 0.8838360332743895 
0.24 440.0 0.8864207836890583 
0.26 440.0 0.8889945746971744 
0.27999999999999997 440.0 0.8915574295822125 
0.3 440.0 0.8941093716276484 
0.1 460.0 0.972722785547861 
0.12 460.0 0.9755327098278009 
0.14 460.0 0.9783304197360896 
0.16 460.0 0.9811159418777269 
0.18 460.0 0.9838893028577133 
0.19999999999999998 460.0 0.98665052928105 
0.21999999999999997 460.0 0.989399647752737 
0.24 460.0 0.9921366848777753 
0.26 460.0 0.9948616672611649 
0.27999999999999997 460.0 0.997574621507907 
0.3 460.0 1.0002755742230016 
0.1 480.0 1.0845600013396548 
0.12 480.0 1.0875285604236216 
0.14 480.0 1.0904837380245402 
0.16 480.0 1.093425564370695 
0.18 480.0 1.096354069690369 
0.19999999999999998 480.0 1.099269284211846 
0.21999999999999997 480.0 1.1021712381634108 
0.24 480.0 1.1050599617733456 
0.26 480.0 1.1079354852699352 
0.27999999999999997 480.0 1.1306908478976299 
0.3 480.0 1.1337325126674678 
0.1 500.0 1.2037616667539504 
0.12 500.0 1.2068883016772223 
0.14 500.0 1.2100003368474723 
0.16 500.0 1.2130978064311453 
0.18 500.0 1.2161807445946862 
0.19999999999999998 500.0 1.21924918550454 
0.21999999999999997 500.0 1.2438074383059818 
0.24 500.0 1.247053323097959 
0.26 500.0 1.2502843320020005 
0.27999999999999997 500.0 1.2535004991845522 
0.3 500.0 1.2567018588120575 
0.1 300.0 0.3189702091775409 
0.12 300.0 0.3204364691623662 
0.14 300.0 0.32189808075673987 
0.16 300.0 0.323355051340614 
0.18 300.0 0.32480738829394074 
0.19999999999999998 300.0 0.32625509899667204 
0.21999999999999997 300.0 0.32769819082876006 
0.24 300.0 0.3291366711701569 
0.26 300.0 0.3305705474008146 
0.27999999999999997 300.0 0.33199982690068525 
0.3 300.0 0.3334245170497209 
0.1 320.0 0.3766484045237434 
0.12 320.0 0.3782560344128865 
0.14 320.0 0.3798583024445629 
0.16 320.0 0.38145521757530115 
0.18 320.0 0.38304678876162945 
0.19999999999999998 320.0 0.38463302496007684 
0.21999999999999997 320.0 0.38621393512717156 
0.24 320.0 0.3877895282194421 
0.26 320.0 0.38935981319341706 
0.27999999999999997 320.0 0.39092479900562466 
0.3 320.0 0.39248449461259394 
0.1 340.0 0.44026821816577716 
0.12 340.0 0.44201917658451856 
0.14 340.0 0.44376400676526984 
0.16 340.0 0.44550271945105513 
0.18 340.0 0.44723532538489763 
0.19999999999999998 340.0 0.4489618353098208 
0.21999999999999997 340.0 0.45068225996884875 
0.24 340.0 0.46053134904683446 
0.26 340.0 0.4623503246319186 
0.27999999999999997 340.0 0.4641630539818762 
0.3 340.0 0.4659695478397305 
0.1 360.0 0.5100025700559455 
0.12 360.0 0.5118983644882779 
0.14 360.0 0.5225950539949098 
0.16 360.0 0.5245992489220374 
0.18 360.0 0.5265963005955717 
0.19999999999999998 360.0 0.5285862217680698 
0.21999999999999997 360.0 0.5305690251920887 
0.24 360.0 0.5325447236201859 
0.26 360.0 0.5345133298049182 
0.27999999999999997 360.0 0.536474856498843 
0.3 360.0 0.5384293164545177 
0.1 380.0 0.5959197908118664 
0.12 380.0 0.5980952582387529 
0.14 380.0 0.6002626550222322 
0.16 380.0 0.6024219961605529 
0.18 380.0 0.6045732966519646 
0.19999999999999998 380.0 0.6067165714947165 
0.21999999999999997 380.0 0.6088518356870581 
0.24 380.0 0.6109791042272384 
0.26 380.0 0.6130983921135068 
0.27999999999999997 380.0 0.6152097143441125 
0.3 380.0 0.6173130859173048 
0.1 400.0 0.6798523713431083 
0.12 400.0 0.6821858104044584 
0.14 400.0 0.684510222798814 
0.16 400.0 0.6868256260193948 
0.18 400.0 0.6891320375594207 
0.19999999999999998 400.0 0.6914294749121113 
0.21999999999999997 400.0 0.6937179555706863 
0.24 400.0 0.6959974970283657 
0.26 400.0 0.6982681167783691 
0.27999999999999997 400.0 0.7005298323139161 
0.3 400.0 0.7027826611282264 
0.1 420.0 0.7705248312286606 
0.12 420.0 0.7730168938011167 
0.14 420.0 0.7754989200351516 
0.16 420.0 0.7779709301813542 
0.18 420.0 0.780432944490313 
0.19999999999999998 420.0 0.7828849832126165 
0.21999999999999997 420.0 0.785327066598853 
0.24 420.0 0.7877592148996113 
0.26 420.0 0.79018144836548 
0.27999999999999997 420.0 0.7925937872470472 
0.3 420.0 0.7949962517949014 
0.1 440.0 0.8680960793741356 
0.12 440.0 0.8707470751811075 
0.14 440.0 0.873386971880674 
0.16 440.0 0.8760157927563098 
0.18 440.0 0.878633561091491 
0.19999999999999998 440.0 0.8812403001696922 
0.21999999999999997 440.0 0.8838360332743895 
0.24 440.0 0.8864207836890583 
0.26 440.0 0.8889945746971744 
0.27999999999999997 440.0 0.8915574295822125 
0.3 440.0 0.8941093716276484 
0.1 460.0 0.972722785547861 
0.12 460.0 0.9755327098278009 
0.14 460.0 0.9783304197360896 
0.16 460.0 0.9811159418777269 
0.18 460.0 0.9838893028577133 
0.19999999999999998 460.0 0.98665052928105 
0.21999999999999997 460.0 0.989399647752737 
0.24 460.0 0.9921366848777753 
0.26 460.0 0.9948616672611649 
0.27999999999999997 460.0 0.997574621507907 
0.3 460.0 1.0002755742230016 
0.1 480.0 1.0845600013396548 
0.12 480.0 1.0875285604236216 
0.14 480.0 1.0904837380245402 
0.16 480.0 1.093425564370695 
0.18 480.0 1.096354069690369 
0.19999999999999998 480.0 1.099269284211846 
0.21999999999999997 480.0 1.1021712381634108 
0.24 480.0 1.1050599617733456 
0.26 480.0 1.1079354852699352 
0.27999999999999997 480.0 1.1306908478976299 
0.3 480.0 1.1337325126674678 
0.1 500.0 1.2037616667539504 
0.12 500.0 1.2068883016772223 
0.14 500.0 1.2100003368474723 
0.16 500.0 1.2130978064311453 
0.18 500.0 1.2161807445946862 
0.19999999999999998 500.0 1.21924918550454 
0.21999999999999997 500.0 1.2438074383059818 
0.24 500.0 1.247053323097959 
0.26 500.0 1.2502843320020005 
0.27999999999999997 500.0 1.2535004991845522 
0.3 500.0 1.2567018588120575 
0.1 300.0 0.3189702091775409 
0.11 300.0 0.3197039206800071 
0.12 300.0 0.3204364691623662 
0.13 300.0 0.3211678555471126 
0.14 300.0 0.32189808075673987 
0.15 300.0 0.3226271457137424 
0.16 300.0 0.323355051340614 
0.16999999999999998 300.0 0.32408179855984887 
0.18 300.0 0.32480738829394074 
0.19 300.0 0.3255318214653839 
0.19999999999999998 300.0 0.32625509899667204 
0.21 300.0 0.32697722181029953 
0.21999999999999997 300.0 0.32769819082876006 
0.22999999999999998 300.0 0.32841800697454804 
0.24 300.0 0.3291366711701569 
0.24999999999999997 300.0 0.3298541843380812 
0.26 300.0 0.3305705474008146 
0.27 300.0 0.33128576128085135 
0.27999999999999997 300.0 0.33199982690068525 
0.29 300.0 0.3327127451828105 
0.3 300.0 0.3334245170497209 
0.1 310.0 0.34707767400602546 
0.11 310.0 0.347846634533239 
0.12 310.0 0.34861434441919126 
0.13 310.0 0.3493808046817351 
0.14 310.0 0.35014601633872255 
0.15 310.0 0.3509099804080067 
0.16 310.0 0.35167269790743966 
0.16999999999999998 310.0 0.35243416985487436 
0.18 310.0 0.35319439726816293 
0.19 310.0 0.35395338116515845 
0.19999999999999998 310.0 0.35471112256371296 
0.21 310.0 0.3554676224816793 
0.21999999999999997 310.0 0.35622288193691015 
0.22999999999999998 310.0 0.3569769019472579 
0.24 310.0 0.35772968353057494 
0.24999999999999997 310.0 0.3584812277047139 
0.26 310.0 0.35923153548752773 
0.27 310.0 0.3599806078968685 
0.27999999999999997 310.0 0.36072844595058917 
0.29 310.0 0.36147505066654173 
0.3 310.0 0.36222042306257923 
0.1 320.0 0.3766484045237434 
0.11 320.0 0.37745289026028145 
0.12 320.0 0.3782560344128865 
0.13 320.0 0.3790578381011249 
0.14 320.0 0.3798583024445629 
0.15 320.0 0.38065742856276613 
0.16 320.0 0.38145521757530115 
0.16999999999999998 320.0 0.38225167060173343 
0.18 320.0 0.38304678876162945 
0.19 320.0 0.3838405731745554 
0.19999999999999998 320.0 0.38463302496007684 
0.21 320.0 0.38542414523776036 
0.21999999999999997 320.0 0.38621393512717156 
0.22999999999999998 320.0 0.38700239574787676 
0.24 320.0 0.3877895282194421 
0.24999999999999997 320.0 0.3885753336614334 
0.26 320.0 0.38935981319341706 
0.27 320.0 0.39014296793495873 
0.27999999999999997 320.0 0.39092479900562466 
0.29 320.0 0.39170530752498117 
0.3 320.0 0.39248449461259394 
0.1 330.0 0.40770465189340666 
0.11 330.0 0.4085449090188266 
0.12 330.0 0.4093837303036085 
0.13 330.0 0.4102211169755915 
0.14 330.0 0.41105707026261556 
0.15 330.0 0.4118915913925197 
0.16 330.0 0.41272468159314374 
0.16999999999999998 330.0 0.41355634209232717 
0.18 330.0 0.4143865741179097 
0.19 330.0 0.4152153788977305 
0.19999999999999998 330.0 0.4160427576596295 
0.21 330.0 0.41686871163144573 
0.21999999999999997 330.0 0.4176932420410191 
0.22999999999999998 330.0 0.418516350116189 
0.24 330.0 0.41933803708479517 
0.24999999999999997 330.0 0.4201583041746767 
0.26 330.0 0.4209771526136736 
0.27 330.0 0.42179458362962496 
0.27999999999999997 330.0 0.4303638521256323 
0.29 330.0 0.4312310814325346 
0.3 330.0 0.432096852025868 
0.1 340.0 0.44026821816577716 
0.11 340.0 0.4411444640763357 
0.12 340.0 0.44201917658451856 
0.13 340.0 0.44289235703320395 
0.14 340.0 0.44376400676526984 
0.15 340.0 0.4446341271235944 
0.16 340.0 0.44550271945105513 
0.16999999999999998 340.0 0.4463697850905304 
0.18 340.0 0.44723532538489763 
0.19 340.0 0.4480993416770352 
0.19999999999999998 340.0 0.4489618353098208 
0.21 340.0 0.44982280762613264 
0.21999999999999997 340.0 0.45068225996884875 
0.22999999999999998 340.0 0.45961951555892516 
0.24 340.0 0.46053134904683446 
0.24999999999999997 340.0 0.4614416182902063 
0.26 340.0 0.4623503246319186 
0.27 340.0 0.4632574694148492 
0.27999999999999997 340.0 0.4641630539818762 
0.29 340.0 0.46506707967587724 
0.3 340.0 0.4659695478397305 
0.1 350.0 0.4743605070550363 
0.11 350.0 0.4752729315472446 
0.12 350.0 0.47618372178072277 
0.13 350.0 0.47709287922035726 
0.14 350.0 0.47800040533103433 
0.15 350.0 0.4789063015776406 
0.16 350.0 0.47981056942506184 
0.16999999999999998 350.0 0.4807132103381847 
0.18 350.0 0.49002481755889604 
0.19 350.0 0.4909824907500006 
0.19999999999999998 350.0 0.4919384896318959 
0.21 350.0 0.49289281566946846 
0.21999999999999997 350.0 0.49384547032760495 
0.22999999999999998 350.0 0.49479645507119113 
0.24 350.0 0.49574577136511355 
0.24999999999999997 350.0 0.4966934206742586 
0.26 350.0 0.4976394044635125 
0.27 350.0 0.4985837241977618 
0.27999999999999997 350.0 0.49952638134189253 
0.29 350.0 0.5004673773607912 
0.3 350.0 0.5014067137193441 
0.1 360.0 0.5100025700559455 
0.11 360.0 0.5109513364710989 
0.12 360.0 0.5118983644882779 
0.13 360.0 0.5128436557015517 
0.14 360.0 0.5225950539949098 
0.15 360.0 0.5235980451622076 
0.16 360.0 0.5245992489220374 
0.16999999999999998 360.0 0.5255986668684689 
0.18 360.0 0.5265963005955717 
0.19 360.0 0.5275921516974154 
0.19999999999999998 360.0 0.5285862217680698 
0.21 360.0 0.5295785124016044 
0.21999999999999997 360.0 0.5305690251920887 
0.22999999999999998 360.0 0.5315577617335928 
0.24 360.0 0.5325447236201859 
0.24999999999999997 360.0 0.5335299124459377 
0.26 360.0 0.5345133298049182 
0.27 360.0 0.5354949772911967 
0.27999999999999997 360.0 0.536474856498843 
0.29 360.0 0.5374529690219267 
0.3 360.0 0.5384293164545177 
0.1 370.0 0.5564305006492407 
0.11 370.0 0.557479873673589 
0.12 370.0 0.5585273417409187 
0.13 370.0 0.5595729065818632 
0.14 370.0 0.5606165699270553 
0.15 370.0 0.5616583335071281 
0.16 370.0 0.5626981990527145 
0.16999999999999998 370.0 0.5637361682944471 
0.18 370.0 0.5647722429629591 
0.19 370.0 0.5658064247888834 
0.19999999999999998 370.0 0.5668387155028529 
0.21 370.0 0.5678691168355006 
0.21999999999999997 370.0 0.5688976305174592 
0.22999999999999998 370.0 0.5699242582793621 
0.24 370.0 0.570949001851842 
0.24999999999999997 370.0 0.5719718629655316 
0.26 370.0 0.5729928433510637 
0.27 370.0 0.5740119447390719 
0.27999999999999997 370.0 0.5750291688601885 
0.29 370.0 0.576044517445047 
0.3 370.0 0.5770579922242799 
0.1 380.0 0.5959197908118664 
0.11 380.0 0.5970085342931262 
0.12 380.0 0.5980952582387529 
0.13 380.0 0.5991799645235277 
0.14 380.0 0.6002626550222322 
0.15 380.0 0.6013433316096468 
0.16 380.0 0.6024219961605529 
0.16999999999999998 380.0 0.6034986505497318 
0.18 380.0 0.6045732966519646 
0.19 380.0 0.6056459363420323 
0.19999999999999998 380.0 0.6067165714947165 
0.21 380.0 0.6077852039847982 
0.21999999999999997 380.0 0.6088518356870581 
0.22999999999999998 380.0 0.609916468476278 
0.24 380.0 0.6109791042272384 
0.24999999999999997 380.0 0.6120397448147211 
0.26 380.0 0.6130983921135068 
0.27 380.0 0.6141550479983771 
0.27999999999999997 380.0 0.6152097143441125 
0.29 380.0 0.6162623930254948 
0.3 380.0 0.6173130859173048 
0.1 390.0 0.6370536351129291 
0.11 390.0 0.6381818784832389 
0.12 390.0 0.6393079843475666 
0.13 390.0 0.640431954732632 
0.14 390.0 0.6415537916651542 
0.15 390.0 0.6426734971718526 
0.16 390.0 0.6437910732794465 
0.16999999999999998 390.0 0.6449065220146555 
0.18 390.0 0.6460198454041983 
0.19 390.0 0.6471310454747947 
0.19999999999999998 390.0 0.648240124253164 
0.21 390.0 0.6493470837660256 
0.21999999999999997 390.0 0.6504519260400986 
0.22999999999999998 390.0 0.6515546531021023 
0.24 390.0 0.6526552669787564 
0.24999999999999997 390.0 0.6537537696967801 
0.26 390.0 0.6548501632828926 
0.27 390.0 0.6559444497638134 
0.27999999999999997 390.0 0.6570366311662618 
0.29 390.0 0.6581267095169572 
0.3 390.0 0.6592146868426185 
0.1 400.0 0.6798523713431083 
0.11 400.0 0.6810202203004839 
0.12 400.0 0.6821858104044584 
0.13 400.0 0.6833491438416843 
0.14 400.0 0.684510222798814 
0.15 400.0 0.6856690494625 
0.16 400.0 0.6868256260193948 
0.16999999999999998 400.0 0.6879799546561508 
0.18 400.0 0.6891320375594207 
0.19 400.0 0.6902818769158565 
0.19999999999999998 400.0 0.6914294749121113 
0.21 400.0 0.692574833734837 
0.21999999999999997 400.0 0.6937179555706863 
0.22999999999999998 400.0 0.6948588426063118 
0.24 400.0 0.6959974970283657 
0.24999999999999997 400.0 0.6971339210235007 
0.26 400.0 0.6982681167783691 
0.27 400.0 0.6994000864796233 
0.27999999999999997 400.0 0.7005298323139161 
0.29 400.0 0.7016573564678995 
0.3 400.0 0.7027826611282264 
0.1 410.0 0.7243361239262509 
0.11 410.0 0.7255436614027115 
0.12 410.0 0.726748815316931 
0.13 410.0 0.7279515880236952 
0.14 410.0 0.7291519818777891 
0.15 410.0 0.7303499992339988 
0.16 410.0 0.7315456424471096 
0.16999999999999998 410.0 0.7327389138719073 
0.18 410.0 0.733929815863177 
0.19 410.0 0.7351183507757045 
0.19999999999999998 410.0 0.7363045209642755 
0.21 410.0 0.7374883287836752 
0.21999999999999997 410.0 0.7386697765886894 
0.22999999999999998 410.0 0.7398488667341035 
0.24 410.0 0.741025601574703 
0.24999999999999997 410.0 0.7421999834652737 
0.26 410.0 0.743372014760601 
0.27 410.0 0.7445416978154702 
0.27999999999999997 410.0 0.7457090349846671 
0.29 410.0 0.7468740286229769 
0.3 410.0 0.748036681085186 
0.1 420.0 0.7705248312286606 
0.11 420.0 0.771772118322853 
0.12 420.0 0.7730168938011167 
0.13 420.0 0.774259160194775 
0.14 420.0 0.7754989200351516 
0.15 420.0 0.77673617585357 
0.16 420.0 0.7779709301813542 
0.16999999999999998 420.0 0.7792031855498273 
0.18 420.0 0.780432944490313 
0.19 420.0 0.781660209534135 
0.19999999999999998 420.0 0.7828849832126165 
0.21 420.0 0.7841072680570815 
0.21999999999999997 420.0 0.785327066598853 
0.22999999999999998 420.0 0.7865443813692552 
0.24 420.0 0.7877592148996113 
0.24999999999999997 420.0 0.7889715697212452 
0.26 420.0 0.79018144836548 
0.27 420.0 0.7913888533636395 
0.27999999999999997 420.0 0.7925937872470472 
0.29 420.0 0.7937962525470268 
0.3 420.0 0.7949962517949014 
0.1 430.0 0.818438270315718 
0.11 430.0 0.819725347190725 
0.12 430.0 0.8210097810687049 
0.13 430.0 0.8222915746661302 
0.14 430.0 0.823570730699472 
0.15 430.0 0.8248472518852018 
0.16 430.0 0.826121140939791 
0.16999999999999998 430.0 0.8273924005797113 
0.18 430.0 0.8286610335214343 
0.19 430.0 0.8299270424814313 
0.19999999999999998 430.0 0.8311904301761736 
0.21 430.0 0.8324511993221334 
0.21999999999999997 430.0 0.8337093526357819 
0.22999999999999998 430.0 0.8349648928335905 
0.24 430.0 0.8362178226320309 
0.24999999999999997 430.0 0.8374681447475745 
0.26 430.0 0.8387158618966928 
0.27 430.0 0.8399609767958576 
0.27999999999999997 430.0 0.8412034921615403 
0.29 430.0 0.8424434107102124 
0.3 430.0 0.8436807351583453 
0.1 440.0 0.8680960793741356 
0.11 440.0 0.8694229661212648 
0.12 440.0 0.8707470751811075 
0.13 440.0 0.8720684094640992 
0.14 440.0 0.873386971880674 
0.15 440.0 0.8747027653412661 
0.16 440.0 0.8760157927563098 
0.16999999999999998 440.0 0.87732605703624 
0.18 440.0 0.878633561091491 
0.19 440.0 0.8799383078324969 
0.19999999999999998 440.0 0.8812403001696922 
0.21 440.0 0.8825395410135117 
0.21999999999999997 440.0 0.8838360332743895 
0.22999999999999998 440.0 0.8851297798627603 
0.24 440.0 0.8864207836890583 
0.24999999999999997 440.0 0.8877090476637183 
0.26 440.0 0.8889945746971744 
0.27 440.0 0.8902773676998608 
0.27999999999999997 440.0 0.8915574295822125 
0.29 440.0 0.8928347632546636 
0.3 440.0 0.8941093716276484 
0.1 450.0 0.9195177780013754 
0.11 450.0 0.9208844754708074 
0.12 450.0 0.922248257272542 
0.13 450.0 0.9236091265199963 
0.14 450.0 0.9249670863265879 
0.15 450.0 0.9263221398057336 
0.16 450.0 0.9276742900708511 
0.16999999999999998 450.0 0.9290235402353574 
0.18 450.0 0.9303698934126697 
0.19 450.0 0.9317133527162055 
0.19999999999999998 450.0 0.933053921259382 
0.21 450.0 0.9343916021556168 
0.21999999999999997 450.0 0.9357263985183266 
0.22999999999999998 450.0 0.9370583134609293 
0.24 450.0 0.9383873500968417 
0.24999999999999997 450.0 0.9397135115394813 
0.26 450.0 0.9410368009022652 
0.27 450.0 0.942357221298611 
0.27999999999999997 450.0 0.9436747758419356 
0.29 450.0 0.9449894676456566 
0.3 450.0 0.9463012998231912 
0.1 460.0 0.972722785547861 
0.11 460.0 0.9741292761470999 
0.12 460.0 0.9755327098278009 
0.13 460.0 0.9769330899155892 
0.14 460.0 0.9783304197360896 
0.15 460.0 0.9797247026149272 
0.16 460.0 0.9811159418777269 
0.16999999999999998 460.0 0.9825041408501141 
0.18 460.0 0.9838893028577133 
0.19 460.0 0.9852714312261504 
0.19999999999999998 460.0 0.98665052928105 
0.21 460.0 0.9880266003480372 
0.21999999999999997 460.0 0.989399647752737 
0.22999999999999998 460.0 0.9907696748207746 
0.24 460.0 0.9921366848777753 
0.24999999999999997 460.0 0.9935006812493634 
0.26 460.0 0.9948616672611649 
0.27 460.0 0.9962196462388043 
0.27999999999999997 460.0 0.997574621507907 
0.29 460.0 0.9989265963940978 
0.3 460.0 1.0002755742230016 
0.1 470.0 1.027730437682697 
0.11 470.0 1.0291766861438056 
0.12 470.0 1.030619733185501 
0.13 470.0 1.0320595823550462 
0.14 470.0 1.033496237199704 
0.15 470.0 1.0349297012667371 
0.16 470.0 1.0363599781034083 
0.16999999999999998 470.0 1.0377870712569803 
0.18 470.0 1.0392109842747164 
0.19 470.0 1.0406317207038789 
0.19999999999999998 470.0 1.0420492840917308 
0.21 470.0 1.0434636779855346 
0.21999999999999997 470.0 1.0448749059325537 
0.22999999999999998 470.0 1.04628297148005 
0.24 470.0 1.0476878781752872 
0.24999999999999997 470.0 1.049089629565528 
0.26 470.0 1.0504882291980346 
0.27 470.0 1.0518836806200702 
0.27999999999999997 470.0 1.0532759873788977 
0.29 470.0 1.0546651530217794 
0.3 470.0 1.0560511810959787 
0.1 480.0 1.0845600013396548 
0.11 480.0 1.086045955456287 
0.12 480.0 1.0875285604236216 
0.13 480.0 1.0890078200201943 
0.14 480.0 1.0904837380245402 
0.15 480.0 1.0919563182151952 
0.16 480.0 1.093425564370695 
0.16999999999999998 480.0 1.0948914802695742 
0.18 480.0 1.096354069690369 
0.19 480.0 1.0978133364116145 
0.19999999999999998 480.0 1.099269284211846 
0.21 480.0 1.1007219168695996 
0.21999999999999997 480.0 1.1021712381634108 
0.22999999999999998 480.0 1.1036172518718144 
0.24 480.0 1.1050599617733456 
0.24999999999999997 480.0 1.1064993716465408 
0.26 480.0 1.1079354852699352 
0.27 480.0 1.1093683064220639 
0.27999999999999997 480.0 1.1306908478976299 
0.29 480.0 1.1322133753513854 
0.3 480.0 1.1337325126674678 
0.1 490.0 1.1432306881871557 
0.11 490.0 1.1447562795224167 
0.12 490.0 1.1462783707711057 
0.13 490.0 1.14779696595287 
0.14 490.0 1.1493120690873575 
0.15 490.0 1.1508236841942172 
0.16 490.0 1.1523318152930961 
0.16999999999999998 490.0 1.1538364664036431 
0.18 490.0 1.1553376415455063 
0.19 490.0 1.1568353447383328 
0.19999999999999998 490.0 1.1583295800017712 
0.21 490.0 1.1598203513554703 
0.21999999999999997 490.0 1.1613076628190773 
0.22999999999999998 490.0 1.1627915184122404 
0.24 490.0 1.1848628958401264 
0.24999999999999997 490.0 1.1864396914223458 
0.26 490.0 1.188012928631647 
0.27 490.0 1.1895826114876773 
0.27999999999999997 490.0 1.191148744010085 
0.29 490.0 1.1927113302185177 
0.3 490.0 1.1942703741326242 
0.1 500.0 1.2037616667539504 
0.11 500.0 1.2053268113201172 
0.12 500.0 1.2068883016772223 
0.13 500.0 1.2084461420960722 
0.14 500.0 1.2100003368474723 
0.15 500.0 1.2115508902022283 
0.16 500.0 1.2130978064311453 
0.16999999999999998 500.0 1.2146410898050295 
0.18 500.0 1.2161807445946862 
0.19 500.0 1.2177167750709215 
0.19999999999999998 500.0 1.21924918550454 
0.21 500.0 1.2421789067750038 
0.21999999999999997 500.0 1.2438074383059818 
0.22999999999999998 500.0 1.2454322423233652 
0.24 500.0 1.247053323097959 
0.24999999999999997 500.0 1.2486706849005689 
0.26 500.0 1.2502843320020005 
0.27 500.0 1.2518942686730599 
0.27999999999999997 500.0 1.2535004991845522 
0.29 500.0 1.2551030278072826 
0.3 500.0 1.2567018588120575 
0.1 300.0 0.3155944564569181 
0.19 300.0 0.32190239255296416 
0.28 300.0 0.3296668893732062 
0.1 352.63 0.4800460336268376 
0.19 352.63 0.49024259412344257 
0.28 352.63 0.49825266561018605 
0.1 405.26 0.6914404788989607 
0.19 405.26 0.7014014217990368 
0.28 405.26 0.7144602635491855 
0.1 457.89 0.9484420089965673 
0.19 457.89 0.9645679384255668 
0.28 457.89 0.976366657509008 
0.1 300.0 0.3155944564569181 
0.12 300.0 0.3170041854731455 
0.1 300.0 0.3155944564569181 
0.1 300.0 0.3155944564569181 
0.1 300.0 0.3155944564569181 
0.1 300.0 0.3155944564569181 
0.1 300.0 0.3155944564569181 
0.12 300.0 0.3170041854731455 
0.14 300.0 0.3184093566597971 
0.17 300.0 0.32050858365296336 
0.19 300.0 0.32190239255296416 
0.21 300.0 0.3232916694532208 
0.23 300.0 0.32467642173368544 
0.26 300.0 0.3267450826359177 
0.28 300.0 0.3296668893732062 
0.3 300.0 0.3310579458019117 
0.1 310.53 0.3445562323410797 
0.12 310.53 0.3460311637263567 
0.14 310.53 0.3475011855893574 
0.17 310.53 0.35125596674333215 
0.19 310.53 0.3527372638889989 
0.21 310.53 0.35421364092029545 
0.23 310.53 0.3556851060218789 
0.26 310.53 0.3578831117099781 
0.28 310.53 0.35934233279515104 
0.3 310.53 0.3607966705969091 
0.1 321.05 0.3766439833141999 
0.12 321.05 0.37820898237566514 
0.14 321.05 0.37976866517246693 
0.17 321.05 0.38209824115732816 
0.19 321.05 0.3836446728642764 
0.21 321.05 0.3851858199640048 
0.23 321.05 0.3867216915014977 
0.26 321.05 0.3890156269144477 
0.28 321.05 0.392365375137652 
0.3 321.05 0.3939074905263748 
0.1 331.58 0.4088423355319161 
0.12 331.58 0.41047357830387665 
0.14 331.58 0.412099124394057 
0.17 331.58 0.4163674469913972 
0.19 331.58 0.41800494804650357 
0.21 331.58 0.41963674149304453 
0.23 331.58 0.4212628372955029 
0.26 331.58 0.42369131971384194 
0.28 331.58 0.42530321500070606 
0.3 331.58 0.42690944751917725 
0.1 342.11 0.444526881332519 
0.12 342.11 0.44625176939799793 
0.14 342.11 0.4479705184017622 
0.1 300.0 0.3155944564569181 
0.17 300.0 0.32050858365296336 
0.23 300.0 0.32467642173368544 
0.1 300.0 0.3155944564569181 
0.17 300.0 0.32050858365296336 
0.23 300.0 0.32467642173368544 
0.3 300.0 0.3310579458019117 
0.1 363.16 0.5194448597214437 
0.17 363.16 0.526026062469105 
0.23 363.16 0.5315988839549932 
0.3 363.16 0.5405356950943894 
0.1 426.32 0.7890357793006808 
0.1 300.0 0.3155944564569181 
0.17 300.0 0.32050858365296336 
0.1 300.0 0.3155944564569181 
0.17 300.0 0.32050858365296336 
0.23 300.0 0.32467642173368544 
0.1 300.0 0.3155944564569181 
0.17 300.0 0.32050858365296336 
0.23 300.0 0.32467642173368544 
0.1 300.0 0.3155944564569181 
0.17 300.0 0.32050858365296336 
0.23 300.0 0.32467642173368544 
0.3 300.0 0.3310579458019117 
0.1 363.16 0.5194448597214437 
0.17 363.16 0.526026062469105 
0.23 363.16 0.5315988839549932 
0.3 363.16 0.5405356950943894 
0.1 300.0 0.3155944564569181 
0.17 300.0 0.32050858365296336 
0.23 300.0 0.32467642173368544 
0.3 300.0 0.3310579458019117 
0.1 363.16 0.5194448597214437 
0.17 363.16 0.526026062469105 
0.23 363.16 0.5315988839549932 
0.3 363.16 0.5405356950943894 
0.1 426.32 0.7890357793006808 
0.17 426.32 0.7974075877842043 
0.23 426.32 0.8081172680376948 
0.3 426.32 0.8163981755478141 
0.1 489.47 1.1308441964146143 
0.1 300.0 0.3155944564569181 
0.17 300.0 0.32050858365296336 
0.23 300.0 0.32467642173368544 
0.3 300.0 0.3310579458019117 
0.1 363.16 0.5194448597214437 
0.17 363.16 0.526026062469105 
0.23 363.16 0.5315988839549932 
0.3 363.16 0.5405356950943894 
0.1 426.32 0.7890357793006808 
0.17 426.32 0.7974075877842043 
0.23 426.32 0.8081172680376948 
0.3 426.32 0.8163981755478141 
0.1 489.47 1.1308441964146143 
0.17 489.47 1.141105252387888 
0.23 489.47 1.154940315039726 
0.3 489.47 1.1650619977203942 
0.1 300.0 0.3155944564569181 
0.17 300.0 0.32050858365296336 
0.23 300.0 0.32467642173368544 
0.3 300.0 0.3310579458019117 
0.1 363.16 0.5194448597214437 
0.17 363.16 0.526026062469105 
0.23 363.16 0.5315988839549932 
0.3 363.16 0.5405356950943894 
0.1 300.0 0.3155944564569181 
0.17 300.0 0.32050858365296336 
0.23 300.0 0.32467642173368544 
0.3 300.0 0.3310579458019117 
0.1 363.16 0.5194448597214437 
0.17 363.16 0.526026062469105 
0.23 363.16 0.5315988839549932 
0.3 363.16 0.5405356950943894 
0.1 426.32 0.7890357793006808 
0.17 426.32 0.7974075877842043 
0.23 426.32 0.8081172680376948 
0.3 426.32 0.8163981755478141 
0.1 489.47 1.1308441964146143 
0.17 489.47 1.141105252387888 
0.23 489.47 1.154940315039726 
0.3 489.47 1.1650619977203942 
0.1 300.0 0.3155944564569181 
0.17 300.0 0.32050858365296336 
0.23 300.0 0.32467642173368544 
0.3 300.0 0.3310579458019117 
0.1 363.16 0.5194448597214437 
0.17 363.16 0.526026062469105 
0.23 363.16 0.5315988839549932 
0.3 363.16 0.5405356950943894 
0.1 426.32 0.7890357793006808 
0.17 426.32 0.7974075877842043 
0.23 426.32 0.8081172680376948 
0.3 426.32 0.8163981755478141 
0.1 489.47 1.1308441964146143 
0.17 489.47 1.141105252387888 
0.23 489.47 1.154940315039726 
0.3 489.47 1.1650619977203942 
0.1 300.0 0.3155944564569181 
0.17 300.0 0.32050858365296336 
0.23 300.0 0.32467642173368544 
0.23 489.47 1.154940315039726 
0.3 489.47 1.1650619977203942 
0.1 300.0 0.3155944564569181 
0.17 300.0 0.32050858365296336 
0.23 300.0 0.32467642173368544 
0.3 300.0 0.3310579458019117 
0.1 363.16 0.5194448597214437 
0.17 363.16 0.526026062469105 
0.23 363.16 0.5315988839549932 
0.3 363.16 0.5405356950943894 
0.1 363.16 0.5194448597214437 
0.1 363.16 0.5194448597214437 
0.1 363.16 0.5194448597214437 
0.1 363.16 0.5194448597214437 
0.1 363.16 0.5194448597214437 
0.1 363.16 0.5194448597214437 
0.1 300.0 0.3155944564569181 
0.17 300.0 0.32050858365296336 
0.23 300.0 0.32467642173368544 
0.3 300.0 0.3310579458019117 
0.1 363.16 0.5194448597214437 
0.17 363.16 0.526026062469105 
0.23 363.16 0.5315988839549932 
0.3 363.16 0.5405356950943894 
0.1 426.32 0.7890357793006808 
0.17 426.32 0.7974075877842043 
0.1 363.16 0.5194448597214437 
0.17 363.16 0.526026062469105 
0.23 363.16 0.5315988839549932 
0.3 363.16 0.5405356950943894 
0.1 426.32 0.7890357793006808 
0.1 363.16 0.5194448597214437 
0.17 363.16 0.526026062469105 
0.1 363.16 0.5194448597214437 
0.17 363.16 0.526026062469105 
0.23 363.16 0.5315988839549932 
0.3 363.16 0.5405356950943894 
0.1 363.16 0.5194448597214437 
0.17 363.16 0.526026062469105 
0.23 363.16 0.5315988839549932 
0.1 363.16 0.5194448597214437 
0.17 363.16 0.526026062469105 
0.23 363.16 0.5315988839549932 
0.1 363.16 0.5194448597214437 
0.17 363.16 0.526026062469105 
0.23 363.16 0.5315988839549932 
0.1 363.16 0.5194448597214437 
0.17 363.16 0.526026062469105 
0.23 363.16 0.5315988839549932 
0.1 363.16 0.5194448597214437 
0.17 363.16 0.526026062469105 
0.23 363.16 0.5315988839549932 
0.1 363.16 0.5194448597214437 
0.17 363.16 0.526026062469105 
0.23 363.16 0.5315988839549932 
0.1 363.16 0.5194448597214437 
0.17 363.16 0.526026062469105 
0.23 363.16 0.5315988839549932 
0.1 363.16 0.5194448597214437 
0.17 363.16 0.526026062469105 
0.23 363.16 0.5315988839549932 
0.1 363.16 0.5194448597214437 
0.17 363.16 0.526026062469105 
0.23 363.16 0.5315988839549932 
0.1 363.16 0.5194448597214437 
0.17 363.16 0.526026062469105 
0.23 363.16 0.5315988839549932 
0.1 363.16 0.5194448597214437 
0.17 363.16 0.526026062469105 
0.23 363.16 0.5315988839549932 
0.1 363.16 0.5194448597214437 
0.17 363.16 0.526026062469105 
0.23 363.16 0.5315988839549932 
0.3 363.16 0.5405356950943894 
0.1 363.16 0.5194448597214437 
0.17 363.16 0.526026062469105 
0.23 363.16 0.5315988839549932 
0.3 363.16 0.5405356950943894 
0.1 363.16 0.5194448597214437 
0.17 363.16 0.526026062469105 
0.23 363.16 0.5315988839549932 
0.1 363.16 0.5194448597214437 
0.17 363.16 0.526026062469105 
0.23 363.16 0.5315988839549932 
0.1 363.16 0.5194448597214437 
0.17 363.16 0.526026062469105 
0.1 363.16 0.5194448597214437 
0.17 363.16 0.526026062469105 
0.23 363.16 0.5315988839549932 
0.1 363.16 0.5194448597214437 
0.17 363.16 0.526026062469105 
0.23 363.16 0.5315988839549932 
0.1 363.16 0.5194448597214437 
0.17 363.16 0.526026062469105 
0.23 363.16 0.5315988839549932 
0.1 363.16 0.5194448597214437 
0.17 363.16 0.526026062469105 
0.23 363.16 0.5315988839549932 
0.3 363.16 0.5405356950943894 
0.1 363.16 0.5194448597214437 
0.17 363.16 0.526026062469105 
0.23 363.16 0.5315988839549932 
0.1 363.16 0.5194448597214437 
0.17 363.16 0.526026062469105 
0.23 363.16 0.5315988839549932 
0.3 363.16 0.5405356950943894 
0.1 363.16 0.5194448597214437 
0.17 363.16 0.526026062469105 
0.23 363.16 0.5315988839549932 
0.1 363.16 0.5194448597214437 
0.23 363.16 0.5315988839549932 
0.3 363.16 0.5405356950943894 
0.1 363.16 0.5194448597214437 
0.17 363.16 0.526026062469105 
0.23 363.16 0.5315988839549932 
0.1 363.16 0.5194448597214437 
0.23 363.16 0.5315988839549932 
0.1 363.16 0.5194448597214437 
0.17 363.16 0.526026062469105 
0.23 363.16 0.5315988839549932 
0.3 363.16 0.5405356950943894 
0.1 363.16 0.5194448597214437 
0.17 363.16 0.526026062469105 
0.23 363.16 0.5315988839549932 
0.3 363.16 0.5405356950943894 
0.1 300.0 0.3155944564569181 
0.12 300.0 0.3170041854731455 
0.14 300.0 0.3184093566597971 
0.17 300.0 0.32050858365296336 
0.19 300.0 0.32190239255296416 
0.21 300.0 0.3232916694532208 
0.23 300.0 0.32467642173368544 
0.26 300.0 0.3267450826359177 
0.28 300.0 0.3296668893732062 
0.3 300.0 0.3310579458019117 
0.1 310.53 0.3445562323410797 
0.12 310.53 0.3460311637263567 
0.14 310.53 0.3475011855893574 
0.17 310.53 0.35125596674333215 
0.19 310.53 0.3527372638889989 
0.21 310.53 0.35421364092029545 
0.23 310.53 0.3556851060218789 
0.26 310.53 0.3578831117099781 
0.28 310.53 0.35934233279515104 
0.3 310.53 0.3607966705969091 
0.1 321.05 0.3766439833141999 
0.12 321.05 0.37820898237566514 
0.14 321.05 0.37976866517246693 
0.17 321.05 0.38209824115732816 
0.19 321.05 0.3836446728642764 
0.21 321.05 0.3851858199640048 
0.23 321.05 0.3867216915014977 
0.26 321.05 0.3890156269144477 
0.28 321.05 0.392365375137652 
0.3 321.05 0.3939074905263748 
0.1 331.58 0.4088423355319161 
0.12 331.58 0.41047357830387665 
0.14 331.58 0.412099124394057 
0.17 331.58 0.4163674469913972 
0.19 331.58 0.41800494804650357 
0.21 331.58 0.41963674149304453 
0.23 331.58 0.4212628372955029 
0.26 331.58 0.42369131971384194 
0.28 331.58 0.42530321500070606 
0.3 331.58 0.42690944751917725 
0.1 342.11 0.444526881332519 
0.12 342.11 0.44625176939799793 
0.14 342.11 0.4479705184017622 
0.17 342.11 0.4505371551073005 
0.19 342.11 0.4522406043379915 
0.21 342.11 0.453937952811938 
0.23 342.11 0.45562921147341756 
0.26 342.11 0.460266183814673 
0.28 342.11 0.4619696146388762 
0.3 342.11 0.4636669447393252 
0.1 352.63 0.4800460336268376 
0.12 352.63 0.48183801425244016 
0.14 352.63 0.48362344688682585 
0.17 352.63 0.4884445793948407 
0.19 352.63 0.49024259412344257 
0.21 352.63 0.4920340498355441 
0.23 352.63 0.4938189585164076 
0.26 352.63 0.49648407207189393 
0.28 352.63 0.49825266561018605 
0.3 352.63 0.5000147540656592 
0.1 363.16 0.5194448597214437 
0.12 363.16 0.5213339781646861 
0.14 363.16 0.5232160702214205 
0.17 363.16 0.526026062469105 
0.19 363.16 0.5278906458341409 
0.21 363.16 0.5297482486323267 
0.23 363.16 0.5315988839549932 
0.26 363.16 0.5368158875106497 
0.28 363.16 0.5386792804705716 
0.3 363.16 0.5405356950943894 
0.1 373.68 0.558415727185409 
0.12 373.68 0.5603725408195446 
0.14 373.68 0.5623218904885166 
0.17 373.68 0.567735384975181 
0.19 373.68 0.5696978845001687 
0.21 373.68 0.5716529092135239 
0.23 373.68 0.5736004733775393 
0.26 373.68 0.5765078622923147 
0.28 373.68 0.57843683748051 
0.3 373.68 0.5803584020373892 
0.1 384.21 0.6016683146921351 
0.12 384.21 0.6037256542804564 
0.14 384.21 0.6057750149487062 
0.17 384.21 0.6088341293871986 
0.19 384.21 0.6108636105777738 
0.21 384.21 0.6128851671062816 
0.23 384.21 0.6148988144750083 
0.26 384.21 0.6207355222207077 
0.28 384.21 0.6227624499456629 
0.3 384.21 0.6247814580003497 
0.1 394.74 0.6442266199458356 
0.12 394.74 0.6463519921596781 
0.14 394.74 0.6484689191343365 
0.17 394.74 0.6545146654963847 
0.19 394.74 0.6566452446154906 
0.21 394.74 0.6587673681465387 
0.23 394.74 0.6608810529016763 
0.26 394.74 0.6640357941061226 
0.28 394.74 0.6661284554746283 
0.3 394.74 0.6682127369097395 
0.1 405.26 0.6914404788989607 
0.12 405.26 0.6936697401418861 
0.14 405.26 0.6958900042951625 
0.17 405.26 0.6992035707779506 
0.19 405.26 0.7014014217990368 
0.21 405.26 0.7035903394040204 
0.23 405.26 0.7057703417853429 
0.26 405.26 0.7122665269947335 
0.28 405.26 0.7144602635491855 
0.3 405.26 0.7166450750618327 
0.1 415.79 0.7376608850884119 
0.12 415.79 0.7399583916715418 
0.14 415.79 0.7422464064236524 
0.17 415.79 0.7489640457176467 
0.19 415.79 0.7512661426636711 
0.21 415.79 0.7535587382913699 
0.23 415.79 0.7558418522484517 
0.26 415.79 0.7592487880310288 
0.28 415.79 0.7615082837702903 
0.3 415.79 0.7637583666059137 
0.1 426.32 0.7890357793006808 
0.12 426.32 0.7914403131541753 
0.14 426.32 0.7938347655603882 
0.17 426.32 0.7974075877842043 
0.19 426.32 0.7997769292285132 
0.21 426.32 0.8021362633505807 
0.23 426.32 0.8081172680376948 
0.26 426.32 0.8116812471986173 
0.28 426.32 0.814044708815287 
0.3 426.32 0.8163981755478141 
0.1 436.84 0.838986700818912 
0.12 436.84 0.8414596103572043 
0.14 436.84 0.8439219156156089 
0.17 436.84 0.8513512402111688 
0.19 436.84 0.8538279800971602 
0.21 436.84 0.8562941074850094 
0.23 436.84 0.8587496451601329 
0.26 436.84 0.8624131458045564 
0.28 436.84 0.8648423088840634 
0.3 436.84 0.8712574782226088 
0.1 447.37 0.8946274204582907 
0.12 447.37 0.8972104946827368 
0.14 447.37 0.8997823369445915 
0.17 447.37 0.9036190939425878 
0.19 447.37 0.9061629633681114 
0.21 447.37 0.9086956864871625 
0.23 447.37 0.9153269879322373 
0.26 447.37 0.9191519293948672 
0.28 447.37 0.921687943349467 
0.3 447.37 0.924212828239718 
0.1 457.89 0.9484420089965673 
0.12 457.89 0.9510933620262787 
0.14 457.89 0.9537329321613162 
0.17 457.89 0.9619136642143393 
0.19 457.89 0.9645679384255668 
0.21 457.89 0.9672104232456588 
0.23 457.89 0.9698411449151844 
0.26 457.89 0.973765228913407 
0.28 457.89 0.976366657509008 
0.3 457.89 0.9834584707741463 
0.1 468.42 1.008484695841569 
0.12 468.42 1.0112492847286547 
0.14 468.42 1.0140014245008022 
0.17 468.42 1.0181063535216606 
0.19 468.42 1.0208274934127564 
0.21 468.42 1.023536282513949 
0.23 468.42 1.030856194678771 
0.26 468.42 1.0349460104098183 
0.28 468.42 1.0376571033341033 
0.3 468.42 1.04035586831627 
0.1 478.95 1.0663019617394234 
0.12 478.95 1.0691344738248614 
0.14 478.95 1.071953957821901 
0.17 478.95 1.0809259067975268 
0.19 478.95 1.083760276640292 
0.21 478.95 1.0865816141180742 
0.23 478.95 1.0893899492612171 
0.26 478.95 1.0935781382898608 
0.28 478.95 1.101351177171654 
0.3 478.95 1.1041611747346436 
0.1 489.47 1.1308441964146143 
0.12 489.47 1.1337930731179635 
0.14 489.47 1.1367282166546206 
0.17 489.47 1.141105252387888 
0.19 489.47 1.1440062032394738 
0.21 489.47 1.146893533109694 
0.23 489.47 1.154940315039726 
0.26 489.47 1.1592986066088866 
0.28 489.47 1.1621870979969642 
0.3 489.47 1.1650619977203942 
0.1 500.0 1.1927280422858 
0.12 500.0 1.1957444589868647 
0.14 500.0 1.1987465358783056 
0.17 500.0 1.2085489324594594 
0.19 500.0 1.211565983895702 
0.21 500.0 1.2145686940118634 
0.23 500.0 1.2175570969743863 
0.26 500.0 1.2220129502441983 
0.28 500.0 1.2305372416359484 
0.3 500.0 1.233526077004293 
0.1 300.0 0.3155944564569181 
0.12 300.0 0.3170041854731455 
0.1 300.0 0.3155944564569181 
0.12 300.0 0.3170041854731455 
0.14 300.0 0.3184093566597971 
0.17 300.0 0.32050858365296336 
0.19 300.0 0.32190239255296416 
0.21 300.0 0.3232916694532208 
0.23 300.0 0.32467642173368544 
0.26 300.0 0.3267450826359177 
0.28 300.0 0.3296668893732062 
0.3 300.0 0.3310579458019117 
0.1 310.53 0.3445562323410797 
0.12 310.53 0.3460311637263567 
0.14 310.53 0.3475011855893574 
0.17 310.53 0.35125596674333215 
0.19 310.53 0.3527372638889989 
0.21 310.53 0.35421364092029545 
0.23 310.53 0.3556851060218789 
0.26 310.53 0.3578831117099781 
0.28 310.53 0.35934233279515104 
0.3 310.53 0.3607966705969091 
0.1 321.05 0.3766439833141999 
0.12 321.05 0.37820898237566514 
0.14 321.05 0.37976866517246693 
0.17 321.05 0.38209824115732816 
0.19 321.05 0.3836446728642764 
0.21 321.05 0.3851858199640048 
0.23 321.05 0.3867216915014977 
0.26 321.05 0.3890156269144477 
0.28 321.05 0.392365375137652 
0.3 321.05 0.3939074905263748 
0.1 331.58 0.4088423355319161 
0.12 331.58 0.41047357830387665 
0.14 331.58 0.412099124394057 
0.17 331.58 0.4163674469913972 
0.19 331.58 0.41800494804650357 
0.21 331.58 0.41963674149304453 
0.23 331.58 0.4212628372955029 
0.26 331.58 0.42369131971384194 
0.28 331.58 0.42530321500070606 
0.3 331.58 0.42690944751917725 
0.1 342.11 0.444526881332519 
0.12 342.11 0.44625176939799793 
0.14 342.11 0.4479705184017622 
0.17 342.11 0.4505371551073005 
0.19 342.11 0.4522406043379915 
0.21 342.11 0.453937952811938 
0.23 342.11 0.45562921147341756 
0.26 342.11 0.460266183814673 
0.28 342.11 0.4619696146388762 
0.3 342.11 0.4636669447393252 
0.1 352.63 0.4800460336268376 
0.12 352.63 0.48183801425244016 
0.14 352.63 0.48362344688682585 
0.17 352.63 0.4884445793948407 
0.19 352.63 0.49024259412344257 
0.21 352.63 0.4920340498355441 
0.23 352.63 0.4938189585164076 
0.26 352.63 0.49648407207189393 
0.28 352.63 0.49825266561018605 
0.3 352.63 0.5000147540656592 
0.1 363.16 0.5194448597214437 
0.12 363.16 0.5213339781646861 
0.14 363.16 0.5232160702214205 
0.17 363.16 0.526026062469105 
0.19 363.16 0.5278906458341409 
0.21 363.16 0.5297482486323267 
0.23 363.16 0.5315988839549932 
0.26 363.16 0.5368158875106497 
0.28 363.16 0.5386792804705716 
0.3 363.16 0.5405356950943894 
0.1 373.68 0.558415727185409 
0.12 373.68 0.5603725408195446 
0.14 373.68 0.5623218904885166 
0.17 373.68 0.567735384975181 
0.19 373.68 0.5696978845001687 
0.21 373.68 0.5716529092135239 
0.23 373.68 0.5736004733775393 
0.26 373.68 0.5765078622923147 
0.28 373.68 0.57843683748051 
0.3 373.68 0.5803584020373892 
0.1 384.21 0.6016683146921351 
0.12 384.21 0.6037256542804564 
0.14 384.21 0.6057750149487062 
0.17 384.21 0.6088341293871986 
0.19 384.21 0.6108636105777738 
0.21 384.21 0.6128851671062816 
0.23 384.21 0.6148988144750083 
0.26 384.21 0.6207355222207077 
0.28 384.21 0.6227624499456629 
0.3 384.21 0.6247814580003497 
0.1 394.74 0.6442266199458356 
0.12 394.74 0.6463519921596781 
0.14 394.74 0.6484689191343365 
0.17 394.74 0.6545146654963847 
0.19 394.74 0.6566452446154906 
0.21 394.74 0.6587673681465387 
0.23 394.74 0.6608810529016763 
0.26 394.74 0.6640357941061226 
0.28 394.74 0.6661284554746283 
0.3 394.74 0.6682127369097395 
0.1 405.26 0.6914404788989607 
0.12 405.26 0.6936697401418861 
0.14 405.26 0.6958900042951625 
0.17 405.26 0.6992035707779506 
0.19 405.26 0.7014014217990368 
0.21 405.26 0.7035903394040204 
0.23 405.26 0.7057703417853429 
0.26 405.26 0.7122665269947335 
0.28 405.26 0.7144602635491855 
0.3 405.26 0.7166450750618327 
0.1 415.79 0.7376608850884119 
0.12 415.79 0.7399583916715418 
0.14 415.79 0.7422464064236524 
0.17 415.79 0.7489640457176467 
0.19 415.79 0.7512661426636711 
0.21 415.79 0.7535587382913699 
0.23 415.79 0.7558418522484517 
0.26 415.79 0.7592487880310288 
0.28 415.79 0.7615082837702903 
0.3 415.79 0.7637583666059137 
0.1 426.32 0.7890357793006808 
0.12 426.32 0.7914403131541753 
0.14 426.32 0.7938347655603882 
0.17 426.32 0.7974075877842043 
0.19 426.32 0.7997769292285132 
0.21 426.32 0.8021362633505807 
0.23 426.32 0.8081172680376948 
0.26 426.32 0.8116812471986173 
0.28 426.32 0.814044708815287 
0.3 426.32 0.8163981755478141 
0.1 436.84 0.838986700818912 
0.12 436.84 0.8414596103572043 
0.14 436.84 0.8439219156156089 
0.17 436.84 0.8513512402111688 
0.19 436.84 0.8538279800971602 
0.21 436.84 0.8562941074850094 
0.23 436.84 0.8587496451601329 
0.26 436.84 0.8624131458045564 
0.28 436.84 0.8648423088840634 
0.3 436.84 0.8712574782226088 
0.1 447.37 0.8946274204582907 
0.12 447.37 0.8972104946827368 
0.14 447.37 0.8997823369445915 
0.17 447.37 0.9036190939425878 
0.19 447.37 0.9061629633681114 
0.21 447.37 0.9086956864871625 
0.23 447.37 0.9153269879322373 
0.26 447.37 0.9191519293948672 
0.28 447.37 0.921687943349467 
0.3 447.37 0.924212828239718 
0.1 457.89 0.9484420089965673 
0.12 457.89 0.9510933620262787 
0.14 457.89 0.9537329321613162 
0.17 457.89 0.9619136642143393 
0.19 457.89 0.9645679384255668 
0.21 457.89 0.9672104232456588 
0.23 457.89 0.9698411449151844 
0.26 457.89 0.973765228913407 
0.28 457.89 0.976366657509008 
0.3 457.89 0.9834584707741463 
0.1 468.42 1.008484695841569 
0.12 468.42 1.0112492847286547 
0.14 468.42 1.0140014245008022 
0.17 468.42 1.0181063535216606 
0.19 468.42 1.0208274934127564 
0.21 468.42 1.023536282513949 
0.23 468.42 1.030856194678771 
0.26 468.42 1.0349460104098183 
0.28 468.42 1.0376571033341033 
0.3 468.42 1.04035586831627 
0.1 478.95 1.0663019617394234 
0.12 478.95 1.0691344738248614 
0.14 478.95 1.071953957821901 
0.17 478.95 1.0809259067975268 
0.19 478.95 1.083760276640292 
0.21 478.95 1.0865816141180742 
0.23 478.95 1.0893899492612171 
0.26 478.95 1.0935781382898608 
0.28 478.95 1.101351177171654 
0.3 478.95 1.1041611747346436 
0.1 489.47 1.1308441964146143 
0.12 489.47 1.1337930731179635 
0.14 489.47 1.1367282166546206 
0.17 489.47 1.141105252387888 
0.19 489.47 1.1440062032394738 
0.21 489.47 1.146893533109694 
0.23 489.47 1.154940315039726 
0.26 489.47 1.1592986066088866 
0.28 489.47 1.1621870979969642 
0.3 489.47 1.1650619977203942 
0.1 500.0 1.1927280422858 
0.12 500.0 1.1957444589868647 
0.14 500.0 1.1987465358783056 
0.17 500.0 1.2085489324594594 
0.19 500.0 1.211565983895702 
0.21 500.0 1.2145686940118634 
0.23 500.0 1.2175570969743863 
0.26 500.0 1.2220129502441983 
0.28 500.0 1.2305372416359484 
0.3 500.0 1.233526077004293 
