1.000000000000000021e-08 2.000000000000000096e-04 9.999999999999999799e-13
1.113624672436659893e-08 2.110568333351620996e-04 1.175190484441943005e-12
1.240159911059660591e-08 2.227249344873322059e-04 1.381072674722893304e-12
1.381072674722891862e-08 2.350380968883888813e-04 1.623023465657127128e-12
1.537996604999502303e-08 2.480319822119318621e-04 1.907361732866240692e-12
1.712750965451269337e-08 2.617442236574682576e-04 2.241513358853108637e-12
1.907361732866242831e-08 2.762145349445783754e-04 2.634205170073672126e-12
2.124085084981389861e-08 2.914848253327359680e-04 3.095692849938350143e-12
2.365433556989999835e-08 3.075993209999007940e-04 3.638028780002520257e-12
2.634205170073672031e-08 3.246046931314254492e-04 4.275376804384892985e-12
2.933515869654255405e-08 3.425501930902538606e-04 5.024382137916945947e-12
3.266835649431463669e-08 3.614877950598865421e-04 5.904606078680061898e-12
3.638028780002516741e-08 3.814723465732485570e-04 6.939036878042863551e-12
4.051398608445452199e-08 4.025617273634170116e-04 8.154690110267725410e-12
4.511737448240406995e-08 4.248170169962783762e-04 9.583314221159452419e-12
5.024382137916935128e-08 4.483026717706213127e-04 1.126221968212374028e-11
5.595275912534363520e-08 4.730867113979999737e-04 1.323525340412662729e-11
6.231037305288813824e-08 4.992409160030381477e-04 1.555394385970744680e-11
6.939036878042864175e-08 5.268410340147343949e-04 1.827884681947238453e-11
7.727482670336403580e-08 5.559670015508619625e-04 2.148112684881589335e-11
8.605515357513344992e-08 5.867031739308504589e-04 2.524441586781878509e-11
9.583314221159443605e-08 6.191385699876706490e-04 2.966699731315583060e-11
1.067221516039629194e-07 6.533671298862926604e-04 3.486437294438552663e-11
1.188484211216987806e-07 6.894879871954225428e-04 4.097227933027701648e-11
1.323525340412660136e-07 7.276057560005033936e-04 4.815023279483885999e-11
1.473910473678670554e-07 7.678308338895151099e-04 5.658569540415919829e-11
1.641383068451371638e-07 8.102797216890896860e-04 6.649897079449806327e-11
1.827884681947242312e-07 8.550753608769796205e-04 7.814895770287706234e-11
2.035577480185486065e-07 9.023474896480814791e-04 9.183991146147702944e-11
2.266869304591003619e-07 9.522330186652852753e-04 1.079293900415183590e-10
2.524441586781875151e-07 1.004876427583386916e-03 1.268375921684153727e-10
2.811280435165453858e-07 1.060430183494501287e-03 1.490583313858501578e-10
3.130711253738719138e-07 1.119055182506871471e-03 1.751719326714449452e-10
3.486437294438553804e-07 1.180921215736012312e-03 2.058603884167875321e-10
3.882582589990089133e-07 1.246207461057762976e-03 2.419251695909311167e-10
4.323739764985991383e-07 1.315103002047518814e-03 2.843081572502655760e-10
4.815023279483895856e-07 1.387807375608574208e-03 3.341162410497368454e-10
5.362128722390145370e-07 1.464531149875637978e-03 3.926502271791612116e-10
5.971398842034931159e-07 1.545496534067279052e-03 4.614388106949175180e-10
6.649897079449814254e-07 1.630938022053543849e-03 5.422784994808758720e-10
7.405489456839800926e-07 1.721103071502668672e-03 6.372805325073805602e-10
8.246935770606362435e-07 1.816252820573871843e-03 7.489260177227681245e-10
9.183991146147704056e-07 1.916662844231890959e-03 8.801307295787980652e-10
1.022751913178991959e-06 2.022623952373739636e-03 1.034321258465948297e-09
1.138961764297924592e-06 2.134443032079258278e-03 1.215524500805201952e-09
1.268375921684156564e-06 2.252443936424750482e-03 1.428472826952316439e-09
1.412494720312065506e-06 2.376968422433975523e-03 1.678727673518244832e-09
1.572988970226035640e-06 2.508377140882953743e-03 1.972824787888002604e-09
1.751719326714451441e-06 2.647050680825322952e-03 2.318444918197182298e-09
1.950757861413347369e-06 2.793390671863388037e-03 2.724614406568108044e-09
2.172412084419682748e-06 2.947820947357340880e-03 3.201940924372282095e-09
2.419251695909310696e-06 3.110788771941490078e-03 3.762890506067545335e-09
2.694138377398840232e-06 3.282766136902743378e-03 4.422113116727507219e-09
3.000258968029818222e-06 3.464251127172981570e-03 5.196825255904071796e-09
3.341162410497364296e-06 3.655769363894480640e-03 6.107259590046049863e-09
3.720800894947816401e-06 3.857875526736349609e-03 7.177193356238944361e-09
4.143575677838292611e-06 4.071154960370971555e-03 8.434569337251939037e-09
4.614388106949180118e-06 4.296225369763173943e-03 9.912225625504266730e-09
5.138696444096900405e-06 4.533738609182007620e-03 1.164875323473420366e-08
5.722579144308839866e-06 4.784382570116582634e-03 1.368950395707194130e-08
6.372805325073806153e-06 5.048883173563755919e-03 1.608777478708132071e-08
7.096913242637933700e-06 5.328006472457755792e-03 1.890619984562303239e-08
7.903297685144064386e-06 5.622560870330907574e-03 2.221838615553393161e-08
8.801307295787969985e-06 5.933399462631171878e-03 2.611083598964007437e-08
9.801352954286264205e-06 6.261422507477438539e-03 3.068520599584925331e-08
1.091502847315315282e-05 6.607580033008500497e-03 3.606096209946301149e-08
1.215524500805199501e-05 6.972874588877099426e-03 4.237849951911048879e-08
1.353638074047927720e-05 7.358364149858112949e-03 4.980280937978626162e-08
1.507444756809414836e-05 7.765165179980178418e-03 5.852778768160078328e-08
1.678727673518245193e-05 8.194455866055402535e-03 6.878129915885561450e-08
1.869472555532111652e-05 8.647479529971982548e-03 8.083112827904172203e-08
2.081890762283777717e-05 9.125548229632622632e-03 9.499197280023620221e-08
2.318444918197185077e-05 9.630046558967791936e-03 1.116336625332058212e-07
2.581877462589778779e-05 1.016243565802958312e-02 1.311908179524265284e-07
2.875242443548137476e-05 1.072425744478029165e-02 1.541742009038469400e-07
3.201940924372275815e-05 1.131713908083182597e-02 1.811840538486413272e-07
3.565760413065611947e-05 1.194279768406986304e-02 2.129257760155399229e-07
3.970918771987809627e-05 1.260304530181147881e-02 2.502283458658798173e-07
4.422113116727517738e-05 1.329979415889962976e-02 2.940659709992303464e-07
4.924574271093538978e-05 1.403506219593420902e-02 3.455835309164759857e-07
5.484127409536545590e-05 1.481097891367960315e-02 4.061264771128905690e-07
6.107259590046044658e-05 1.562979154057538358e-02 4.772759713829977450e-07
6.801194960450689510e-05 1.649387154121274152e-02 5.608901800220857021e-07
7.573978510009761890e-05 1.740572148462655663e-02 6.591528023788836303e-07
8.434569337251940021e-05 1.836798229229540461e-02 7.746301011489071127e-07
9.392944515341487713e-05 1.938344088684100172e-02 9.103379238324956588e-07
1.046021475911288520e-04 2.045503826357984029e-02 1.069820465714583384e-06
1.164875323473422720e-04 2.158587800830369385e-02 1.257242831369030285e-06
1.297233900532638489e-04 2.277923528595846708e-02 1.477499812057730796e-06
1.444631677554390184e-04 2.403856632625490236e-02 1.736343719895004539e-06
1.608777478708133717e-04 2.536751843368313317e-02 2.040534617341142402e-06
1.791574292749821442e-04 2.676994055092257047e-02 2.398016865473693261e-06
1.995141334909460271e-04 2.824989440624131251e-02 2.818126601835979169e-06
2.221838615553392614e-04 2.981166627717003401e-02 3.311835566430361186e-06
2.474294300452769147e-04 3.145977940452074351e-02 3.892037643705354440e-06
2.755435179853609308e-04 3.319900709270449946e-02 4.573885603972373417e-06
3.068520599584931220e-04 3.503438653428903038e-02 5.375186838714340700e-06
3.417180247577912187e-04 3.697123339883543608e-02 6.316868424954662299e-06
3.805456233865976961e-04 3.901515722826694871e-02 7.423523664478485128e-06
4.237849951911053258e-04 4.117207768335746226e-02 8.724054371524726545e-06
4.719374264532662190e-04 4.344824168839361844e-02 1.025242568316999906e-05
5.255611619446198422e-04 4.585024152366570793e-02 1.204855310530960385e-05
5.852778768160077534e-04 4.838503391818622240e-02 1.415934496065327473e-05
6.517798838536504333e-04 5.105996019793397622e-02 1.663992746369071123e-05
7.258381596573272067e-04 5.388276754797686335e-02 1.955508441713353971e-05
8.083112827904190452e-04 5.686163145005317110e-02 2.298094912947425743e-05
9.001553875243367610e-04 6.000517936059642649e-02 2.700699274040250272e-05
1.002435248573886389e-03 6.332251569777960776e-02 3.173836088191376215e-05
1.116336625332055776e-03 6.682324820994728354e-02 3.729861970020944298e-05
1.243180008714457087e-03 7.051751580180506962e-02 4.383298295450495114e-05
1.384435929984444320e-03 7.441601789895625763e-02 5.151210447284027477e-05
1.541742009038469217e-03 7.853004543583225194e-02 6.053653501006113995e-05
1.716921939797303506e-03 8.287151355676578013e-02 7.114195990491041586e-05
1.912006632806090897e-03 8.745299612491480579e-02 8.360535432480122617e-05
2.129257760155403752e-03 9.228776213898359781e-02 9.825221685090343860e-05
2.371193975686278037e-03 9.738981416321274009e-02 1.154650703185081031e-04
2.640620114457418142e-03 1.027739288819381064e-01 1.356934519237309848e-04
2.940659709992297574e-03 1.084556998961750812e-01 1.594656535018489270e-04
3.274791206287855708e-03 1.144515828861769058e-01 1.874025185906888979e-04
3.646888284400775539e-03 1.207789432707667837e-01 2.202336566082326464e-04
4.061264771128906582e-03 1.274561065014761241e-01 2.588164975998494917e-04
4.522724650426983642e-03 1.345024111371537212e-01 3.041586851959349950e-04
5.036617757352957435e-03 1.419382648527585389e-01 3.574443926026354078e-04
5.608901800220852593e-03 1.497852035445537966e-01 4.200652489037472875e-04
6.246211430000351075e-03 1.580659537028812622e-01 4.936566833564216654e-04
6.955935157704262739e-03 1.668044982331623183e-01 5.801406368616361664e-04
7.746301011489055942e-03 1.760261459157594077e-01 6.817757560778835938e-04
8.626471926515284772e-03 1.857576047058669966e-01 8.012163810659425752e-04
9.606651973449627235e-03 1.960270590857254858e-01 9.415818670077057920e-04
1.069820465714583363e-02 2.068642516931896991e-01 1.106538050430534974e-03
1.191378465697440388e-02 2.183005694630630600e-01 1.300392987538907894e-03
1.326748453610402355e-02 2.303691345306833616e-01 1.528209464990754442e-03
1.477499812057729567e-02 2.431049001610399163e-01 1.795937221491247923e-03
1.645380244228018818e-02 2.565447519812493749e-01 2.110568333351622947e-03
1.832336035512178996e-02 2.707276148095852375e-01 2.480319822119318295e-03
2.040534617341138723e-02 2.856945653904630067e-01 2.914848253327357187e-03
2.272389694832195606e-02 3.014889513618829731e-01 3.425501930902539148e-03
2.530589229555945188e-02 3.181565167998886001e-01 4.025617273634166104e-03
2.818126601835985179e-02 3.357455347036493731e-01 4.730867113980005700e-03
3.138335313854636460e-02 3.543069468048650195e-01 5.559670015508620493e-03
3.494927635887772055e-02 3.738945111064227445e-01 6.533671298862921833e-03
3.892037643705358041e-02 3.945649575776012941e-01 7.678308338895160207e-03
4.334269146082529028e-02 4.163781524567555237e-01 9.023474896480813273e-03
4.826749058058478481e-02 4.393972716373408804e-01 1.060430183494500203e-02
5.375186838714340887e-02 4.636889836394365028e-01 1.246207461057764233e-02
5.985940682549104053e-02 4.893236426966963704e-01 1.464531149875638281e-02
6.666091231829021635e-02 5.163754925179552258e-01 1.721103071502667198e-02
7.423523664478499928e-02 5.449228813136222094e-01 2.022623952373741804e-02
8.267019109180663572e-02 5.750484887096274367e-01 2.376968422433975783e-02
9.206356447488925343e-02 6.068395652061234768e-01 2.793390671863385522e-02
1.025242568317000780e-01 6.403881848744559235e-01 3.282766136902746934e-02
1.141735419310139915e-01 6.757915120242751206e-01 3.857875526736345706e-02
1.271464732338587200e-01 7.131520826131232393e-01 4.533738609182003804e-02
1.415934496065327508e-01 7.525781012135093206e-01 5.328006472457755965e-02
1.576819589372517316e-01 7.941837543975619473e-01 6.261422507477439059e-02
1.755985198706678241e-01 8.380895414468977345e-01 7.358364149858097336e-02
1.955508441713351975e-01 8.844226233455025898e-01 8.647479529971992263e-02
2.177702447850154710e-01 9.333171910663929927e-01 1.016243565802957272e-01
2.425143175151646402e-01 9.849148542187078359e-01 1.194279768406989045e-01
2.700699274040253006e-01 1.039365051180816346e+00 1.403506219593420867e-01
3.007565344403002605e-01 1.096825481907309108e+00 1.649387154121272903e-01
3.349298971492650767e-01 1.157462564663350291e+00 1.938344088684102184e-01
3.729861970020945661e-01 1.221451918009210269e+00 2.277923528595847402e-01
4.153666314598530307e-01 1.288978869430919882e+00 2.676994055092254410e-01
4.625625289005986240e-01 1.360238992090138099e+00 3.145977940452077681e-01
5.151210447284021443e-01 1.435438671247785791e+00 3.697123339883544024e-01
5.736515047008968748e-01 1.514795702001952238e+00 4.344824168839356293e-01
6.388324690153347474e-01 1.598539920071231357e+00 5.105996019793402896e-01
7.114195990491049004e-01 1.686913867450386295e+00 6.000517936059643898e-01
7.922544179560793154e-01 1.780173494866249539e+00 7.051751580180500856e-01
8.822740666828373657e-01 1.878588903068297622e+00 8.287151355676587450e-01
9.825221685090347323e-01 1.982445125100853467e+00 9.738981416321277340e-01
1.094160928067630545e+00 2.092042951822577379e+00 1.144515828861768059e+00
1.218484605112306829e+00 2.207699803064091082e+00 1.345024111371533326e+00
1.356934519237311010e+00 2.329750646946845194e+00 1.580659537028815897e+00
1.511115759503647293e+00 2.458548970025732139e+00 1.857576047058672186e+00
1.682815792691123802e+00 2.594467801065277079e+00 2.183005694630630877e+00
1.874025185906891044e+00 2.737900791414393797e+00 2.565447519812491528e+00
2.086960683793612326e+00 2.889263355108780740e+00 3.014889513618824068e+00
2.324090907877848888e+00 3.048993872002926153e+00 3.543069468048638981e+00
2.588164975998500150e+00 3.217554957416267847e+00 4.163781524567564674e+00
2.882244373608365606e+00 3.395434801970649286e+00 4.893236426966969255e+00
3.209738446442021775e+00 3.583148585499642103e+00 5.750484887096274811e+00
3.574443926026350304e+00 3.781239969124599476e+00 6.757915120242744322e+00
3.980588946264303374e+00 3.990282669818920880e+00 7.941837543975604596e+00
4.432882061388592199e+00 4.210882122020796814e+00 9.333171910663958570e+00
4.936566833564216772e+00 4.443677231106785364e+00 1.096825481907311506e+01
5.497482622989630308e+00 4.689342223804796816e+00 1.288978869430921037e+01
6.122132285253057304e+00 4.948588600905537760e+00 1.514795702001952549e+01
6.817757560778836101e+00 5.222167197928015980e+00 1.780173494866247808e+01
7.592423030374892967e+00 5.510870359707219279e+00 2.092042951822572761e+01
8.455109610201827053e+00 5.815534235202068913e+00 2.458548970025737290e+01
9.415818670077065633e+00 6.137041199169862793e+00 2.889263355108786513e+01
1.048568798218756015e+01 6.476322407721085916e+00 3.395434801970649374e+01
1.167712084443664367e+01 6.834360495155824999e+00 3.990282669818920880e+01
1.300392987538905132e+01 7.212192419892595296e+00 4.689342223804789000e+01
1.448149714786942788e+01 7.610912467731954401e+00 5.510870359707207911e+01
1.612695251768858284e+01 8.031675421153069649e+00 6.476322407721099239e+01
1.795937221491251634e+01 8.475699903822105696e+00 7.610912467731971276e+01
2.000000000000000000e+01 8.944271909999159220e+00 8.944271909999157799e+01
