# nb (fm^-1)   E (MeV)     P (MeV/fm^3)    cs2
1.581000e-11 1.463823e-08 3.102389e-14 3.874784e-06
3.972000e-11 3.677423e-08 1.518088e-13 6.973186e-06
9.976000e-11 9.234033e-08 7.187695e-13 1.301846e-05
2.506000e-10 2.320232e-07 3.288522e-12 2.312798e-05
6.294000e-10 5.828495e-07 1.447521e-11 3.914062e-05
1.581000e-09 1.463823e-06 6.091782e-11 6.542712e-05
3.972000e-09 3.677981e-06 2.442273e-10 8.778395e-05
5.000000e-09 4.629857e-06 3.284167e-10 9.293722e-05
9.976000e-09 9.239615e-06 8.961255e-10 1.433167e-04
1.990000e-08 1.843457e-05 2.393591e-09 1.817461e-04
3.972000e-08 3.678540e-05 6.282269e-09 2.357780e-04
7.924000e-08 7.341447e-05 1.626172e-08 3.108081e-04
1.581000e-07 1.464940e-04 4.169049e-08 3.421617e-04
1.990000e-07 1.844574e-04 5.456677e-08 3.584568e-04
3.155000e-07 2.923738e-04 1.017273e-07 4.755370e-04
5.000000e-07 4.634323e-04 1.891581e-07 5.849510e-04
6.294000e-07 5.834078e-04 2.578495e-07 4.690896e-04
7.924000e-07 7.347030e-04 3.144819e-07 4.295038e-04
9.976000e-07 9.250781e-04 4.283944e-07 6.778138e-04
1.581000e-06 1.466056e-03 7.943278e-07 7.023035e-04
2.506000e-06 2.324698e-03 1.471304e-06 8.765349e-04
3.972000e-06 3.685239e-03 2.723984e-06 8.661050e-04
5.000000e-06 4.640464e-03 3.535730e-06 9.246897e-04
6.294000e-06 5.839661e-03 4.809736e-06 1.128159e-03
7.924000e-06 7.358196e-03 6.544551e-06 1.178595e-03
9.976000e-06 9.306990e-03 8.942341e-06 1.261664e-03
3.155000e-05 2.947494e-02 3.736260e-05 1.583157e-03
9.976000e-05 9.335040e-02 1.626900e-04 2.105218e-03
1.581000e-04 1.481040e-01 2.805000e-04 2.319494e-03
2.572000e-04 2.411739e-01 4.903140e-04 1.633921e-03
3.951000e-04 3.708210e-01 5.710980e-04 2.369441e-04
7.143000e-04 6.709560e-01 7.640820e-04 9.043586e-04
5.000000e-03 4.706527e+00 7.869348e-03 1.908214e-03
1.000000e-02 9.422220e+00 1.620586e-02 2.138940e-03
1.500000e-02 1.414389e+01 2.933205e-02 3.179852e-03
2.000000e-02 1.887051e+01 4.529642e-02 3.613565e-03
2.500000e-02 2.360146e+01 6.359231e-02 4.100184e-03
3.000000e-02 2.833629e+01 8.401581e-02 4.527702e-03
3.500000e-02 3.307472e+01 1.064826e-01 4.953419e-03
4.000000e-02 3.781650e+01 1.309732e-01 5.377270e-03
4.500000e-02 4.256147e+01 1.575083e-01 5.808727e-03
5.000000e-02 4.730951e+01 1.861345e-01 6.251613e-03
5.500000e-02 5.206052e+01 2.169163e-01 6.708830e-03
6.000000e-02 5.681444e+01 2.499310e-01 7.184089e-03
6.500000e-02 6.157120e+01 2.852650e-01 7.673379e-03
7.000000e-02 6.633077e+01 3.230123e-01 8.199189e-03
7.500000e-02 7.109313e+01 3.632720e-01 8.683367e-03
8.000000e-02 7.585826e+01 4.055069e-01 9.018419e-03
8.101388e-02 7.687960e+01 4.054897e-01 1.054747e-02
8.581159e-02 8.145793e+01 4.562359e-01 1.163575e-02
9.079506e-02 8.621669e+01 5.144897e-01 1.286332e-02
9.596783e-02 9.115978e+01 5.814397e-01 1.424287e-02
1.013334e-01 9.629115e+01 6.584413e-01 1.578854e-02
1.068954e-01 1.016148e+02 7.470345e-01 1.751503e-02
1.126572e-01 1.071350e+02 8.489647e-01 1.943783e-02
1.186225e-01 1.128558e+02 9.662035e-01 2.157320e-02
1.247947e-01 1.187816e+02 1.100973e+00 2.393815e-02
1.311774e-01 1.249169e+02 1.255768e+00 2.655043e-02
1.377741e-01 1.312662e+02 1.433388e+00 2.942850e-02
1.445883e-01 1.378343e+02 1.636962e+00 3.259156e-02
1.516236e-01 1.446260e+02 1.869980e+00 3.605946e-02
1.588834e-01 1.516466e+02 2.136329e+00 3.985275e-02
1.663714e-01 1.589011e+02 2.440323e+00 4.399243e-02
1.740910e-01 1.663951e+02 2.786749e+00 4.850056e-02
1.820458e-01 1.741343e+02 3.180900e+00 5.339793e-02
1.902393e-01 1.821247e+02 3.628621e+00 5.871178e-02
1.986751e-01 1.903724e+02 4.136363e+00 6.444958e-02
2.073566e-01 1.988840e+02 4.711193e+00 7.068457e-02
2.162874e-01 2.076664e+02 5.360995e+00 7.728290e-02
2.254710e-01 2.167267e+02 6.093950e+00 8.473946e-02
2.349109e-01 2.260725e+02 6.920856e+00 9.176402e-02
2.446107e-01 2.357117e+02 7.846264e+00 1.015549e-01
2.545670e-01 2.456464e+02 8.944030e+00 1.213079e-01
2.647267e-01 2.558330e+02 1.030780e+01 1.460356e-01
2.750234e-01 2.662154e+02 1.194707e+01 1.696280e-01
2.854007e-01 2.767459e+02 1.385742e+01 1.931899e-01
2.958114e-01 2.873849e+02 1.603913e+01 2.169258e-01
3.062157e-01 2.980987e+02 1.849121e+01 2.408352e-01
3.165805e-01 3.088595e+02 2.121258e+01 2.649863e-01
3.268784e-01 3.196435e+02 2.420144e+01 2.893581e-01
3.370866e-01 3.304311e+02 2.745529e+01 3.139304e-01
3.471867e-01 3.412059e+02 3.097089e+01 3.386627e-01
3.571637e-01 3.519540e+02 3.474425e+01 3.635086e-01
3.670057e-01 3.626641e+02 3.877074e+01 3.884165e-01
3.767034e-01 3.733268e+02 4.304506e+01 4.133321e-01
3.862497e-01 3.839344e+02 4.756137e+01 4.382002e-01
3.956393e-01 3.944807e+02 5.231330e+01 4.629649e-01
4.048688e-01 4.049606e+02 5.729407e+01 4.875709e-01
4.139359e-01 4.153701e+02 6.249647e+01 5.119631e-01
4.228397e-01 4.257063e+02 6.791299e+01 5.360875e-01
4.315800e-01 4.359668e+02 7.353581e+01 5.598908e-01
4.401577e-01 4.461502e+02 7.935688e+01 5.833204e-01
4.485743e-01 4.562554e+02 8.536793e+01 6.063249e-01
4.568318e-01 4.662821e+02 9.156053e+01 6.288533e-01
4.649328e-01 4.762300e+02 9.792609e+01 6.508559e-01
4.728804e-01 4.860997e+02 1.044559e+02 6.722837e-01
4.806776e-01 4.958917e+02 1.111412e+02 6.930886e-01
4.883281e-01 5.056070e+02 1.179730e+02 7.132237e-01
4.958357e-01 5.152469e+02 1.249424e+02 7.326432e-01
5.032041e-01 5.248127e+02 1.320405e+02 7.513024e-01
5.104375e-01 5.343060e+02 1.392582e+02 7.691582e-01
5.175398e-01 5.437285e+02 1.465863e+02 7.861693e-01
5.245152e-01 5.530823e+02 1.540160e+02 8.022959e-01
5.313680e-01 5.623691e+02 1.615380e+02 8.175006e-01
5.381021e-01 5.715912e+02 1.691434e+02 8.317480e-01
5.447219e-01 5.807506e+02 1.768232e+02 8.450056e-01
5.512314e-01 5.898495e+02 1.845682e+02 8.572434e-01
5.576347e-01 5.988904e+02 1.923698e+02 8.684345e-01
5.639357e-01 6.078754e+02 2.002189e+02 8.785554e-01
5.701386e-01 6.168068e+02 2.081068e+02 8.875858e-01
5.762471e-01 6.256872e+02 2.160248e+02 8.955091e-01
5.822651e-01 6.345188e+02 2.239644e+02 9.023128e-01
5.881964e-01 6.433040e+02 2.319171e+02 9.079878e-01
5.940445e-01 6.520452e+02 2.398747e+02 9.125296e-01
5.998131e-01 6.607448e+02 2.478290e+02 9.159375e-01
6.055056e-01 6.694051e+02 2.557720e+02 9.182150e-01
6.111256e-01 6.780286e+02 2.636960e+02 9.193699e-01
6.166762e-01 6.866176e+02 2.715935e+02 9.194138e-01
6.221607e-01 6.951745e+02 2.794570e+02 9.183629e-01
6.275822e-01 7.037014e+02 2.872796e+02 9.162368e-01
6.329439e-01 7.122008e+02 2.950543e+02 9.130593e-01
6.382486e-01 7.206749e+02 3.027745e+02 9.088578e-01
6.434993e-01 7.291259e+02 3.104341e+02 9.036631e-01
6.486987e-01 7.375561e+02 3.180268e+02 8.975091e-01
6.538497e-01 7.459677e+02 3.255472e+02 8.904330e-01
6.589547e-01 7.543627e+02 3.329896e+02 8.824744e-01
6.640164e-01 7.627433e+02 3.403490e+02 8.736757e-01
6.690373e-01 7.711117e+02 3.476206e+02 8.640811e-01
6.740198e-01 7.794699e+02 3.548001e+02 8.537368e-01
6.789662e-01 7.878199e+02 3.618831e+02 8.426906e-01
6.838788e-01 7.961637e+02 3.688660e+02 8.309912e-01
6.887598e-01 8.045033e+02 3.757453e+02 8.186885e-01
6.936114e-01 8.128407e+02 3.825177e+02 8.058330e-01
6.984355e-01 8.211777e+02 3.891806e+02 7.924753e-01
7.032343e-01 8.295162e+02 3.957314e+02 7.786661e-01
7.080096e-01 8.378582e+02 4.021680e+02 7.644557e-01
7.127634e-01 8.462053e+02 4.084885e+02 7.498942e-01
7.174975e-01 8.545594e+02 4.146913e+02 7.350306e-01
7.222137e-01 8.629223e+02 4.207752e+02 7.199130e-01
7.269136e-01 8.712957e+02 4.267392e+02 7.045883e-01
7.315991e-01 8.796812e+02 4.325827e+02 6.891021e-01
7.362716e-01 8.880806e+02 4.383053e+02 6.734983e-01
7.409328e-01 8.964955e+02 4.439068e+02 6.578191e-01
7.455843e-01 9.049276e+02 4.493873e+02 6.421050e-01
7.502275e-01 9.133783e+02 4.547471e+02 6.263945e-01
7.548638e-01 9.218494e+02 4.599869e+02 6.107242e-01
7.594946e-01 9.303423e+02 4.651074e+02 5.951285e-01
7.641214e-01 9.388585e+02 4.701096e+02 5.796397e-01
7.687454e-01 9.473996e+02 4.749946e+02 5.642880e-01
7.733680e-01 9.559670e+02 4.797639e+02 5.491015e-01
7.779904e-01 9.645622e+02 4.844189e+02 5.341061e-01
7.826137e-01 9.731866e+02 4.889613e+02 5.193256e-01
7.872393e-01 9.818416e+02 4.933929e+02 5.047816e-01
7.918682e-01 9.905286e+02 4.977157e+02 4.904939e-01
7.965015e-01 9.992489e+02 5.019316e+02 4.764800e-01
8.011404e-01 1.008004e+03 5.060428e+02 4.627557e-01
8.057860e-01 1.016795e+03 5.100517e+02 4.493348e-01
8.104391e-01 1.025623e+03 5.139605e+02 4.362292e-01
8.151010e-01 1.034490e+03 5.177716e+02 4.234492e-01
8.197724e-01 1.043397e+03 5.214875e+02 4.110036e-01
8.244545e-01 1.052345e+03 5.251107e+02 3.988993e-01
8.291481e-01 1.061336e+03 5.286439e+02 3.871421e-01
8.338541e-01 1.070370e+03 5.320895e+02 3.757360e-01
8.385734e-01 1.079449e+03 5.354503e+02 3.646841e-01
8.433069e-01 1.088574e+03 5.387289e+02 3.539880e-01
8.480554e-01 1.097746e+03 5.419280e+02 3.436483e-01
8.528198e-01 1.106966e+03 5.450502e+02 3.336646e-01
8.576008e-01 1.116236e+03 5.480984e+02 3.240354e-01
8.623993e-01 1.125557e+03 5.510750e+02 3.147584e-01
8.672159e-01 1.134929e+03 5.539829e+02 3.058307e-01
8.720515e-01 1.144355e+03 5.568247e+02 2.972482e-01
8.769068e-01 1.153834e+03 5.596031e+02 2.890067e-01
8.817825e-01 1.163368e+03 5.623206e+02 2.811009e-01
8.866792e-01 1.172959e+03 5.649799e+02 2.735255e-01
8.915977e-01 1.182607e+03 5.675835e+02 2.662743e-01
8.965387e-01 1.192313e+03 5.701341e+02 2.593409e-01
9.015028e-01 1.202078e+03 5.726341e+02 2.527186e-01
9.064906e-01 1.211904e+03 5.750859e+02 2.464002e-01
9.115027e-01 1.221792e+03 5.774921e+02 2.403787e-01
9.165399e-01 1.231741e+03 5.798550e+02 2.346463e-01
9.216026e-01 1.241755e+03 5.821770e+02 2.291955e-01
9.266915e-01 1.251832e+03 5.844605e+02 2.240186e-01
9.318071e-01 1.261975e+03 5.867076e+02 2.191076e-01
9.369501e-01 1.272185e+03 5.889206e+02 2.144547e-01
9.421209e-01 1.282462e+03 5.911017e+02 2.100519e-01
9.473202e-01 1.292808e+03 5.932530e+02 2.058914e-01
9.525484e-01 1.303222e+03 5.953767e+02 2.019652e-01
9.578060e-01 1.313708e+03 5.974747e+02 1.982656e-01
9.630937e-01 1.324264e+03 5.995492e+02 1.947847e-01
9.684119e-01 1.334893e+03 6.016019e+02 1.915149e-01
9.737611e-01 1.345595e+03 6.036350e+02 1.884486e-01
9.791417e-01 1.356372e+03 6.056501e+02 1.855784e-01
9.845544e-01 1.367223e+03 6.076491e+02 1.828970e-01
9.899994e-01 1.378151e+03 6.096339e+02 1.803970e-01
9.954774e-01 1.389155e+03 6.116061e+02 1.780717e-01
1.000989e+00 1.400238e+03 6.135675e+02 1.759139e-01
1.006534e+00 1.411399e+03 6.155196e+02 1.739171e-01
1.012113e+00 1.422640e+03 6.174641e+02 1.720747e-01
1.017728e+00 1.433962e+03 6.194025e+02 1.703802e-01
1.023377e+00 1.445365e+03 6.213364e+02 1.688275e-01
1.029062e+00 1.456851e+03 6.232673e+02 1.674106e-01
1.034782e+00 1.468420e+03 6.251965e+02 1.661236e-01
1.040540e+00 1.480073e+03 6.271255e+02 1.649607e-01
1.046333e+00 1.491812e+03 6.290557e+02 1.639166e-01
1.052165e+00 1.503637e+03 6.309884e+02 1.629858e-01
1.058033e+00 1.515549e+03 6.329248e+02 1.621633e-01
1.063940e+00 1.527549e+03 6.348663e+02 1.614440e-01
1.069885e+00 1.539637e+03 6.368141e+02 1.608231e-01
1.075869e+00 1.551815e+03 6.387693e+02 1.602960e-01
1.081892e+00 1.564084e+03 6.407331e+02 1.598582e-01
1.087954e+00 1.576444e+03 6.427067e+02 1.595054e-01
1.094056e+00 1.588896e+03 6.446912e+02 1.592335e-01
1.100199e+00 1.601442e+03 6.466876e+02 1.590383e-01
1.106382e+00 1.614082e+03 6.486970e+02 1.589162e-01
1.112605e+00 1.626817e+03 6.507203e+02 1.588633e-01
1.118871e+00 1.639647e+03 6.527586e+02 1.588762e-01
1.125177e+00 1.652575e+03 6.548129e+02 1.589514e-01
1.131526e+00 1.665600e+03 6.568841e+02 1.590856e-01
1.137917e+00 1.678723e+03 6.589730e+02 1.592758e-01
1.144350e+00 1.691946e+03 6.610806e+02 1.595188e-01
1.150827e+00 1.705269e+03 6.632078e+02 1.598118e-01
1.157347e+00 1.718693e+03 6.653554e+02 1.601521e-01
1.163910e+00 1.732219e+03 6.675242e+02 1.605369e-01
1.170517e+00 1.745848e+03 6.697150e+02 1.609638e-01
1.177169e+00 1.759581e+03 6.719286e+02 1.614302e-01
1.183865e+00 1.773418e+03 6.741659e+02 1.619340e-01
1.190606e+00 1.787361e+03 6.764274e+02 1.624728e-01
1.197392e+00 1.801411e+03 6.787140e+02 1.630445e-01
1.204223e+00 1.815567e+03 6.810264e+02 1.636472e-01
1.211101e+00 1.829832e+03 6.833652e+02 1.642789e-01
1.218024e+00 1.844205e+03 6.857312e+02 1.649376e-01
1.224994e+00 1.858689e+03 6.881250e+02 1.656218e-01
1.232010e+00 1.873283e+03 6.905473e+02 1.663296e-01
1.239073e+00 1.887989e+03 6.929986e+02 1.670594e-01
1.246184e+00 1.902807e+03 6.954797e+02 1.678099e-01
1.253342e+00 1.917739e+03 6.979912e+02 1.685794e-01
1.260548e+00 1.932785e+03 7.005335e+02 1.693666e-01
1.267802e+00 1.947946e+03 7.031074e+02 1.701701e-01
1.275104e+00 1.963223e+03 7.057134e+02 1.709888e-01
1.282455e+00 1.978618e+03 7.083520e+02 1.718214e-01
1.289855e+00 1.994130e+03 7.110238e+02 1.726667e-01
1.297304e+00 2.009760e+03 7.137294e+02 1.735238e-01
1.304803e+00 2.025510e+03 7.164693e+02 1.743915e-01
1.312352e+00 2.041381e+03 7.192440e+02 1.752689e-01
1.319950e+00 2.057373e+03 7.220540e+02 1.761550e-01
1.327599e+00 2.073488e+03 7.248998e+02 1.770490e-01
1.335298e+00 2.089725e+03 7.277819e+02 1.779500e-01
1.343048e+00 2.106087e+03 7.307009e+02 1.788572e-01
1.350850e+00 2.122573e+03 7.336571e+02 1.797700e-01
1.358702e+00 2.139185e+03 7.366511e+02 1.806874e-01
1.366607e+00 2.155924e+03 7.396834e+02 1.816090e-01
1.374563e+00 2.172791e+03 7.427543e+02 1.825340e-01
1.382571e+00 2.189786e+03 7.458644e+02 1.834619e-01
1.390632e+00 2.206911e+03 7.490141e+02 1.843920e-01
1.398745e+00 2.224166e+03 7.522038e+02 1.853238e-01
1.406911e+00 2.241552e+03 7.554340e+02 1.862569e-01
1.415131e+00 2.259070e+03 7.587051e+02 1.871907e-01
1.423403e+00 2.276721e+03 7.620175e+02 1.881247e-01
1.431730e+00 2.294507e+03 7.653717e+02 1.890586e-01
1.440110e+00 2.312427e+03 7.687681e+02 1.899919e-01
1.448545e+00 2.330483e+03 7.722070e+02 1.909242e-01
1.457034e+00 2.348676e+03 7.756890e+02 1.918552e-01
1.465577e+00 2.367007e+03 7.792143e+02 1.927846e-01
1.474176e+00 2.385476e+03 7.827834e+02 1.937120e-01
1.482829e+00 2.404084e+03 7.863968e+02 1.946372e-01
1.491538e+00 2.422833e+03 7.900547e+02 1.955597e-01
1.500303e+00 2.441724e+03 7.937576e+02 1.964795e-01
1.509123e+00 2.460756e+03 7.975059e+02 1.973962e-01
1.518000e+00 2.479932e+03 8.012999e+02 1.983096e-01
1.526932e+00 2.499252e+03 8.051401e+02 1.992195e-01
1.535922e+00 2.518718e+03 8.090267e+02 2.001257e-01
1.544968e+00 2.538329e+03 8.129603e+02 2.010280e-01
1.554071e+00 2.558087e+03 8.169412e+02 2.019262e-01
1.563232e+00 2.577993e+03 8.209697e+02 2.028202e-01
1.572450e+00 2.598048e+03 8.250462e+02 2.037098e-01
1.581726e+00 2.618253e+03 8.291711e+02 2.045949e-01
1.591060e+00 2.638609e+03 8.333447e+02 2.054753e-01
1.600452e+00 2.659116e+03 8.375675e+02 2.063510e-01
1.609902e+00 2.679776e+03 8.418397e+02 2.072218e-01
1.619411e+00 2.700590e+03 8.461618e+02 2.080876e-01
1.628979e+00 2.721559e+03 8.505341e+02 2.089484e-01
1.638607e+00 2.742682e+03 8.549570e+02 2.098040e-01
1.648293e+00 2.763963e+03 8.594308e+02 2.106544e-01
1.658039e+00 2.785401e+03 8.639559e+02 2.114995e-01
1.667845e+00 2.806998e+03 8.685327e+02 2.123393e-01
1.677711e+00 2.828754e+03 8.731614e+02 2.131736e-01
1.687638e+00 2.850670e+03 8.778425e+02 2.140026e-01
1.697625e+00 2.872748e+03 8.825764e+02 2.148260e-01
1.707672e+00 2.894988e+03 8.873633e+02 2.156439e-01
1.717781e+00 2.917392e+03 8.922036e+02 2.164562e-01
1.727950e+00 2.939960e+03 8.970978e+02 2.172629e-01
1.738181e+00 2.962694e+03 9.020461e+02 2.180641e-01
1.748474e+00 2.985594e+03 9.070488e+02 2.188596e-01
1.758829e+00 3.008661e+03 9.121065e+02 2.196495e-01
1.769245e+00 3.031897e+03 9.172193e+02 2.204338e-01
1.779724e+00 3.055302e+03 9.223877e+02 2.212124e-01
1.790265e+00 3.078877e+03 9.276120e+02 2.219854e-01
1.800869e+00 3.102624e+03 9.328926e+02 2.227527e-01
1.811536e+00 3.126543e+03 9.382298e+02 2.235144e-01
1.822267e+00 3.150636e+03 9.436240e+02 2.242704e-01
1.833060e+00 3.174903e+03 9.490755e+02 2.250209e-01
1.843917e+00 3.199345e+03 9.545847e+02 2.257657e-01
1.854838e+00 3.223964e+03 9.601519e+02 2.265051e-01
1.865823e+00 3.248761e+03 9.657776e+02 2.272385e-01
1.876873e+00 3.273736e+03 9.714620e+02 2.279668e-01
1.887986e+00 3.298890e+03 9.772055e+02 2.286918e-01
