
#  FSUGarnet                            
#      n(fm-3)          e/V(MeV/fm3)        P(MeV/fm3)            cs2
   0.628500000e-11    0.584708922e-08    0.606486381e-14    0.181699775e-05
   0.993057674e-11    0.923911285e-08    0.136164528e-13    0.261888076e-05
   0.156907485e-10    0.145970989e-07    0.305934713e-13    0.368102850e-05
   0.247920735e-10    0.230636686e-07    0.677493452e-13    0.505796818e-05
   0.391725678e-10    0.364407808e-07    0.148187945e-12    0.692629583e-05
   0.618943819e-10    0.575712135e-07    0.322062066e-12    0.945750226e-05
   0.977958487e-10    0.909563225e-07    0.694914331e-12    0.127688971e-04
   0.154521747e-09    0.143724202e-06    0.148557326e-11    0.170629687e-04
   0.244151164e-09    0.227128357e-06    0.314974775e-11    0.226658174e-04
   0.385769589e-09    0.358929246e-06    0.662565737e-11    0.297847356e-04
   0.609532937e-09    0.567155396e-06    0.137550363e-10    0.382424863e-04
   0.963088879e-09    0.896046575e-06    0.280853152e-10    0.486398461e-04
   0.152172283e-08    0.141565969e-05    0.573472542e-10    0.639064792e-04
   0.240438908e-08    0.223691779e-05    0.118020813e-09    0.813787078e-04
   0.379904062e-08    0.353465862e-05    0.229381767e-09    0.880024170e-04
   0.600265145e-08    0.558500770e-05    0.422250609e-09    0.105641324e-03
   0.948445360e-08    0.882622893e-05    0.830902251e-09    0.140879841e-03
   0.149858543e-07    0.139487207e-04    0.160770407e-08    0.161724100e-03
   0.236783096e-07    0.220383511e-04    0.305292246e-08    0.194422424e-03
   0.374127718e-07    0.348150117e-04    0.578083728e-08    0.229363345e-03
   0.591138268e-07    0.550215679e-04    0.108183385e-07    0.269702640e-03
   0.934024492e-07    0.869500552e-04    0.205425602e-07    0.335881731e-03
   0.147579982e-06    0.137401053e-03    0.380883938e-07    0.348701426e-03
   0.233182870e-06    0.217162874e-03    0.673477743e-07    0.396576237e-03
   0.368439202e-06    0.343094211e-03    0.124328450e-06    0.512705503e-03
   0.582150162e-06    0.542136181e-03    0.234728703e-06    0.527868545e-03
   0.919822889e-06    0.857135506e-03    0.388738332e-06    0.544207887e-03
   0.145336067e-05    0.135410553e-02    0.736730472e-06    0.776952316e-03
   0.229637385e-05    0.214042806e-02    0.134422247e-05    0.795816746e-03
   0.362837179e-05    0.338340553e-02    0.242476622e-05    0.933273046e-03
   0.573298719e-05    0.534965478e-02    0.444389111e-05    0.110678641e-02
   0.905837218e-05    0.845117181e-02    0.800633348e-05    0.116625957e-02
   0.143126269e-04    0.133633425e-01    0.139282786e-04    0.127417788e-02
   0.226145807e-04    0.211207521e-01    0.249822086e-04    0.152359571e-02
   0.357320333e-04    0.333939238e-01    0.442114937e-04    0.165358259e-02
   0.564581859e-04    0.527831290e-01    0.795163745e-04    0.189736582e-02
   0.892064196e-04    0.835098517e-01    0.137877552e-03    0.197885898e-02
   0.140950071e-03    0.132052408e+00    0.245131401e-03    0.231087270e-02
   0.222707318e-03    0.208727882e+00    0.396688620e-03    0.146297059e-02
   0.351887369e-03    0.330173055e+00    0.496334966e-03    0.741505009e-03
   0.555997537e-03    0.521856532e+00    0.740981622e-03    0.144039894e-02
   0.878500589e-03    0.825258553e+00    0.105233857e-02    0.772497157e-03
   0.138806961e-02    0.130493984e+01    0.148500453e-02    0.972131827e-03
   0.219321111e-02    0.206272754e+01    0.217648483e-02    0.943184436e-03
   0.346537012e-02    0.326057376e+01    0.353847044e-02    0.129783086e-02
   0.547543737e-02    0.515526260e+01    0.641740794e-02    0.174291709e-02
   0.865143213e-02    0.814817958e+01    0.125152881e-01    0.230080104e-02
   0.136696437e-01    0.128858053e+02    0.250667758e-01    0.297609882e-02
   0.215986389e-01    0.203861855e+02    0.507736507e-01    0.378957103e-02
   0.341268005e-01    0.322511921e+02    0.100697657e+00    0.484166741e-02
   0.828596000e-01    0.786168000e+02    0.243244000e+00    0.769610499e-02
   0.853137120e-01    0.809527134e+02    0.262546390e+00    0.883025844e-02
   0.877678240e-01    0.832891798e+02    0.284551121e+00    0.100404140e-01
   0.902219360e-01    0.856263700e+02    0.309519717e+00    0.113294209e-01
   0.926760480e-01    0.879643007e+02    0.337580558e+00    0.126900658e-01
   0.951301600e-01    0.903030031e+02    0.368920091e+00    0.141211406e-01
   0.975842720e-01    0.926426479e+02    0.403697575e+00    0.156189395e-01
   0.100038384e+00    0.949827192e+02    0.442061156e+00    0.171788521e-01
   0.102492496e+00    0.973242080e+02    0.484170292e+00    0.187995853e-01
   0.104946608e+00    0.996669092e+02    0.530164438e+00    0.204735151e-01
   0.107400720e+00    0.102010890e+03    0.580176274e+00    0.222114605e-01
   0.109854832e+00    0.104355514e+03    0.634333431e+00    0.239893700e-01
   0.112308944e+00    0.106702182e+03    0.692780670e+00    0.258367909e-01
   0.114763056e+00    0.109049022e+03    0.755518569e+00    0.275871008e-01
   0.117217168e+00    0.111397199e+03    0.822253256e+00    0.292743180e-01
   0.119671280e+00    0.113747097e+03    0.893154431e+00    0.310854436e-01
   0.122125392e+00    0.116099827e+03    0.968509498e+00    0.329890241e-01
   0.124579504e+00    0.118452963e+03    0.104844961e+01    0.349565184e-01
   0.127033616e+00    0.120808143e+03    0.113312097e+01    0.369560134e-01
   0.129487728e+00    0.123164680e+03    0.122261038e+01    0.389953837e-01
   0.131941840e+00    0.125522625e+03    0.131699789e+01    0.410762735e-01
   0.134395952e+00    0.127882772e+03    0.141646228e+01    0.432161131e-01
   0.136850064e+00    0.130244358e+03    0.152106476e+01    0.453684381e-01
   0.139304176e+00    0.132608667e+03    0.163089313e+01    0.475488169e-01
   0.141758288e+00    0.134974642e+03    0.174603842e+01    0.497912127e-01
   0.144212400e+00    0.137342641e+03    0.186660517e+01    0.520361556e-01
   0.146666512e+00    0.139712278e+03    0.199261998e+01    0.543418717e-01
   0.149120624e+00    0.142083991e+03    0.212427184e+01    0.566612825e-01
   0.151574736e+00    0.144459310e+03    0.226161987e+01    0.590095268e-01
   0.154028848e+00    0.146835967e+03    0.240474134e+01    0.614225622e-01
   0.156482960e+00    0.149215238e+03    0.255373554e+01    0.638306522e-01
   0.158937072e+00    0.151596425e+03    0.270867464e+01    0.663146340e-01
   0.161391184e+00    0.153979892e+03    0.286968523e+01    0.687812674e-01
   0.163845296e+00    0.156365870e+03    0.303676107e+01    0.712842111e-01
   0.166299408e+00    0.158754448e+03    0.321008818e+01    0.738512314e-01
   0.168753520e+00    0.161145879e+03    0.338976577e+01    0.764047487e-01
   0.171207632e+00    0.163540837e+03    0.357584989e+01    0.790249263e-01
   0.173661744e+00    0.165937286e+03    0.376843517e+01    0.816767535e-01
   0.176115856e+00    0.168337278e+03    0.396761626e+01    0.843304872e-01
   0.178569968e+00    0.170739703e+03    0.417345058e+01    0.870192561e-01
   0.181024080e+00    0.173144441e+03    0.438600144e+01    0.897725306e-01
   0.183478192e+00    0.175552765e+03    0.460549799e+01    0.924973339e-01
   0.185932304e+00    0.177964331e+03    0.483192479e+01    0.953134175e-01
   0.188386416e+00    0.180378159e+03    0.506538899e+01    0.981000493e-01
   0.190840528e+00    0.182796055e+03    0.530596882e+01    0.100931028e+00
   0.193294640e+00    0.185216495e+03    0.555376030e+01    0.103799632e+00
   0.195748752e+00    0.187640515e+03    0.580884169e+01    0.106685957e+00
   0.198202864e+00    0.190066054e+03    0.607117555e+01    0.109609530e+00
   0.200656976e+00    0.192496432e+03    0.634108952e+01    0.112513838e+00
   0.203111088e+00    0.194930435e+03    0.661852008e+01    0.115455729e+00
   0.205565200e+00    0.197367702e+03    0.690357143e+01    0.118463204e+00
   0.208019312e+00    0.199807807e+03    0.719629666e+01    0.121456131e+00
   0.210473424e+00    0.202251902e+03    0.749680994e+01    0.124460792e+00
   0.212927536e+00    0.204698610e+03    0.780502586e+01    0.127482281e+00
   0.215381648e+00    0.207149706e+03    0.812121854e+01    0.130522562e+00
   0.217835760e+00    0.209604732e+03    0.844541413e+01    0.133587920e+00
   0.220289872e+00    0.212063426e+03    0.877764829e+01    0.136664471e+00
   0.222743984e+00    0.214525788e+03    0.911796498e+01    0.139752445e+00
   0.225198096e+00    0.216991961e+03    0.946645240e+01    0.142868427e+00
   0.227652208e+00    0.219461123e+03    0.982306253e+01    0.145962585e+00
   0.230106320e+00    0.221934537e+03    0.101878852e+02    0.149062802e+00
   0.232560432e+00    0.224412215e+03    0.105611701e+02    0.152232229e+00
   0.235014544e+00    0.226893745e+03    0.109427860e+02    0.155355179e+00
   0.237468656e+00    0.229379362e+03    0.113328713e+02    0.158481537e+00
   0.239922768e+00    0.231869686e+03    0.117313369e+02    0.161562089e+00
   0.242376880e+00    0.234363802e+03    0.121382794e+02    0.164750246e+00
   0.244830992e+00    0.236861569e+03    0.125536878e+02    0.167864827e+00
   0.247285104e+00    0.239363293e+03    0.129775718e+02    0.171031394e+00
   0.249739216e+00    0.241869630e+03    0.134102580e+02    0.174221311e+00
   0.252193328e+00    0.244379971e+03    0.138514584e+02    0.177260537e+00
   0.254647440e+00    0.246895527e+03    0.143012616e+02    0.180413939e+00
   0.257101552e+00    0.249415010e+03    0.147598371e+02    0.183537870e+00
   0.259555664e+00    0.251939278e+03    0.152269538e+02    0.186632446e+00
   0.262009776e+00    0.254466264e+03    0.157026452e+02    0.189795097e+00
   0.264463888e+00    0.256999089e+03    0.161871676e+02    0.192825983e+00
   0.266918000e+00    0.259536879e+03    0.166804103e+02    0.195864488e+00
   0.269372112e+00    0.262079368e+03    0.171822786e+02    0.198961598e+00
   0.271826224e+00    0.264625751e+03    0.176928879e+02    0.202038036e+00
   0.274280336e+00    0.267177302e+03    0.182122279e+02    0.205073908e+00
   0.276734448e+00    0.269733037e+03    0.187402679e+02    0.208098419e+00
   0.279188560e+00    0.272293068e+03    0.192767568e+02    0.211069574e+00
   0.281642672e+00    0.274858173e+03    0.198221301e+02    0.214122023e+00
   0.284096784e+00    0.277428105e+03    0.203760907e+02    0.216968261e+00
   0.286550896e+00    0.280004079e+03    0.209387462e+02    0.219922559e+00
   0.289005008e+00    0.282583861e+03    0.215100280e+02    0.222942420e+00
   0.291459120e+00    0.285168705e+03    0.220899945e+02    0.225777581e+00
   0.293913232e+00    0.287757940e+03    0.226782891e+02    0.228666447e+00
   0.296367344e+00    0.290351756e+03    0.232751762e+02    0.231550376e+00
   0.298821456e+00    0.292951265e+03    0.238807317e+02    0.234321146e+00
   0.301275568e+00    0.295556477e+03    0.244947394e+02    0.237084583e+00
   0.303729680e+00    0.298166182e+03    0.251172513e+02    0.239977626e+00
   0.306183792e+00    0.300780319e+03    0.257481411e+02    0.242652291e+00
   0.308637904e+00    0.303400567e+03    0.263873960e+02    0.245315071e+00
   0.311092016e+00    0.306024644e+03    0.270347355e+02    0.248058645e+00
   0.313546128e+00    0.308654883e+03    0.276907208e+02    0.250736866e+00
   0.316000240e+00    0.311289823e+03    0.283549044e+02    0.253389650e+00
   0.318454352e+00    0.313930228e+03    0.290273499e+02    0.255941708e+00
   0.320908464e+00    0.316576323e+03    0.297079752e+02    0.258513273e+00
   0.323362576e+00    0.319227205e+03    0.303967101e+02    0.261104650e+00
   0.325816688e+00    0.321883068e+03    0.310935091e+02    0.263592394e+00
   0.328270800e+00    0.324543690e+03    0.317980828e+02    0.266057347e+00
   0.330724912e+00    0.327210376e+03    0.325108218e+02    0.268451161e+00
   0.333179024e+00    0.329883116e+03    0.332315643e+02    0.270946994e+00
   0.335633136e+00    0.332559763e+03    0.339601806e+02    0.273382116e+00
   0.338087248e+00    0.335242887e+03    0.346966413e+02    0.275623476e+00
   0.340541360e+00    0.337931142e+03    0.354408357e+02    0.278008722e+00
   0.342995472e+00    0.340623997e+03    0.361924587e+02    0.280243661e+00
   0.345449584e+00    0.343322494e+03    0.369519123e+02    0.282613474e+00
   0.347903696e+00    0.346026612e+03    0.377190346e+02    0.284724227e+00
   0.350357808e+00    0.348737034e+03    0.384936787e+02    0.286914792e+00
   0.352811920e+00    0.351452538e+03    0.392758613e+02    0.289162564e+00
   0.355266032e+00    0.354172980e+03    0.400654252e+02    0.291265634e+00
   0.357720144e+00    0.356899537e+03    0.408623723e+02    0.293353169e+00
   0.360174256e+00    0.359630371e+03    0.416664479e+02    0.295495329e+00
   0.362628368e+00    0.362366575e+03    0.424776181e+02    0.297408044e+00
   0.365082480e+00    0.365109751e+03    0.432963043e+02    0.299536961e+00
   0.367536592e+00    0.367857317e+03    0.441220856e+02    0.301457730e+00
   0.369990704e+00    0.370611490e+03    0.449548369e+02    0.303348956e+00
   0.372444816e+00    0.373370676e+03    0.457946431e+02    0.305317088e+00
   0.374898928e+00    0.376135929e+03    0.466414162e+02    0.307157318e+00
   0.377353040e+00    0.378904983e+03    0.474945716e+02    0.309009035e+00
   0.379807152e+00    0.381681318e+03    0.483549909e+02    0.310852032e+00
   0.382261264e+00    0.384462599e+03    0.492221399e+02    0.312657327e+00
   0.384715376e+00    0.387250271e+03    0.500960459e+02    0.314331870e+00
   0.387169488e+00    0.390043542e+03    0.509765144e+02    0.316109876e+00
   0.389623600e+00    0.392841740e+03    0.518635577e+02    0.317872444e+00
   0.392077712e+00    0.395644462e+03    0.527567498e+02    0.319483463e+00
   0.394531824e+00    0.398454179e+03    0.536566895e+02    0.321133247e+00
   0.396985936e+00    0.401269307e+03    0.545630510e+02    0.322753637e+00
   0.399440048e+00    0.404090407e+03    0.554757759e+02    0.324338816e+00
   0.401894160e+00    0.406916576e+03    0.563946795e+02    0.325925154e+00
   0.404348272e+00    0.409748606e+03    0.573199198e+02    0.327475654e+00
   0.406802384e+00    0.412586449e+03    0.582512361e+02    0.328861692e+00
   0.409256496e+00    0.415429624e+03    0.591884273e+02    0.330446912e+00
   0.411710608e+00    0.418277235e+03    0.601316009e+02    0.331922687e+00
   0.414164720e+00    0.421132084e+03    0.610811021e+02    0.333256693e+00
   0.416618832e+00    0.423992944e+03    0.620363932e+02    0.334600661e+00
   0.419072944e+00    0.426859051e+03    0.629975720e+02    0.336144649e+00
   0.421527056e+00    0.429730013e+03    0.639645442e+02    0.337370846e+00
   0.423981168e+00    0.432607898e+03    0.649372410e+02    0.338744997e+00
   0.426435280e+00    0.435488891e+03    0.659152696e+02    0.340059398e+00
   0.428889392e+00    0.438378355e+03    0.668994306e+02    0.341263421e+00
   0.431343504e+00    0.441271978e+03    0.678889961e+02    0.342609228e+00
   0.433797616e+00    0.444172186e+03    0.688842207e+02    0.343760799e+00
   0.436251728e+00    0.447077454e+03    0.698848879e+02    0.345051800e+00
   0.438705840e+00    0.449988808e+03    0.708909584e+02    0.346092847e+00
   0.441159952e+00    0.452905965e+03    0.719023801e+02    0.347372364e+00
   0.443614064e+00    0.455826565e+03    0.729187253e+02    0.348561255e+00
   0.446068176e+00    0.458754578e+03    0.739408044e+02    0.349571072e+00
   0.448522288e+00    0.461688499e+03    0.749680281e+02    0.350705915e+00
   0.450976400e+00    0.464627568e+03    0.760004400e+02    0.351783272e+00
   0.453430512e+00    0.467572929e+03    0.770379572e+02    0.352744696e+00
   0.455884624e+00    0.470524086e+03    0.780805733e+02    0.353866282e+00
   0.458338736e+00    0.473478864e+03    0.791278498e+02    0.354966047e+00
   0.460792848e+00    0.476439883e+03    0.801802677e+02    0.355854829e+00
   0.463246960e+00    0.479407709e+03    0.812377757e+02    0.356848966e+00
   0.465701072e+00    0.482380499e+03    0.823001801e+02    0.357847311e+00
   0.468155184e+00    0.485359375e+03    0.833673886e+02    0.358678806e+00
   0.470609296e+00    0.488344338e+03    0.844394002e+02    0.359618691e+00
   0.473063408e+00    0.491333651e+03    0.855159410e+02    0.360641215e+00
   0.475517520e+00    0.494327642e+03    0.865970433e+02    0.361480463e+00
   0.477971632e+00    0.497329179e+03    0.876831620e+02    0.362280262e+00
   0.480425744e+00    0.500335841e+03    0.887738249e+02    0.363185783e+00
   0.482879856e+00    0.503348317e+03    0.898691205e+02    0.364006266e+00
   0.485333968e+00    0.506365988e+03    0.909688549e+02    0.364822304e+00
   0.487788080e+00    0.509389606e+03    0.920731158e+02    0.365644658e+00
   0.490242192e+00    0.512418231e+03    0.931817971e+02    0.366435370e+00
   0.492696304e+00    0.515451646e+03    0.942944505e+02    0.367202860e+00
   0.495150416e+00    0.518491595e+03    0.954119061e+02    0.367941520e+00
   0.497604528e+00    0.521537224e+03    0.965336691e+02    0.368728690e+00
   0.500058640e+00    0.524588111e+03    0.976597032e+02    0.369380811e+00
   0.502512752e+00    0.527645525e+03    0.987899946e+02    0.370048253e+00
   0.504966864e+00    0.530707363e+03    0.999244521e+02    0.371036231e+00
   0.507420976e+00    0.533774257e+03    0.101063225e+03    0.371308825e+00
   0.509875088e+00    0.536847695e+03    0.102205060e+03    0.372184807e+00
   0.512329200e+00    0.539926180e+03    0.103352747e+03    0.372939650e+00
   0.514783312e+00    0.543010674e+03    0.104503141e+03    0.373372006e+00
   0.517237424e+00    0.546100291e+03    0.105658401e+03    0.374207841e+00
   0.519691536e+00    0.549195721e+03    0.106817205e+03    0.374597789e+00
   0.522145648e+00    0.552296663e+03    0.107979703e+03    0.375188133e+00
   0.524599760e+00    0.555402255e+03    0.109146183e+03    0.376059208e+00
   0.527053872e+00    0.558512895e+03    0.110317062e+03    0.376681310e+00
   0.529507984e+00    0.561629949e+03    0.111491781e+03    0.377027809e+00
   0.531962096e+00    0.564753266e+03    0.112670166e+03    0.377668190e+00
   0.534416208e+00    0.567880493e+03    0.113852244e+03    0.378157086e+00
   0.536870320e+00    0.571014790e+03    0.115038027e+03    0.378659366e+00
   0.539324432e+00    0.574152607e+03    0.116227363e+03    0.379275304e+00
   0.541778544e+00    0.577296058e+03    0.117420077e+03    0.379630858e+00
   0.544232656e+00    0.580446483e+03    0.118616975e+03    0.380231185e+00
   0.546686768e+00    0.583601396e+03    0.119817490e+03    0.380751817e+00
   0.549140880e+00    0.586762132e+03    0.121021674e+03    0.381292722e+00
   0.551594992e+00    0.589928205e+03    0.122229682e+03    0.381643907e+00
   0.554049104e+00    0.593099174e+03    0.123440275e+03    0.382122383e+00
   0.556503216e+00    0.596274725e+03    0.124654968e+03    0.382692954e+00
   0.558957328e+00    0.599456721e+03    0.125872815e+03    0.382881494e+00
   0.561411440e+00    0.602644681e+03    0.127094360e+03    0.383482246e+00
   0.563865552e+00    0.605837520e+03    0.128319691e+03    0.383997242e+00
   0.566319664e+00    0.609035197e+03    0.129548053e+03    0.384367810e+00
   0.568773776e+00    0.612238415e+03    0.130780242e+03    0.384847927e+00
   0.571227888e+00    0.615447277e+03    0.132015204e+03    0.384984335e+00
   0.573682000e+00    0.618660504e+03    0.133253278e+03    0.385559772e+00
   0.576136112e+00    0.621879919e+03    0.134494879e+03    0.385804516e+00
   0.578590224e+00    0.625104516e+03    0.135740015e+03    0.386506769e+00
   0.581044336e+00    0.628334066e+03    0.136988795e+03    0.386683924e+00
   0.583498448e+00    0.631569635e+03    0.138240194e+03    0.387010033e+00
   0.585952560e+00    0.634810089e+03    0.139495084e+03    0.387378874e+00
   0.588406672e+00    0.638055208e+03    0.140752499e+03    0.387641530e+00
   0.590860784e+00    0.641305786e+03    0.142013034e+03    0.387898550e+00
   0.593314896e+00    0.644562244e+03    0.143276937e+03    0.388456344e+00
   0.595769008e+00    0.647823333e+03    0.144544667e+03    0.388888710e+00
   0.598223120e+00    0.651090407e+03    0.145815162e+03    0.388878238e+00
   0.600677232e+00    0.654362579e+03    0.147088034e+03    0.389207585e+00
   0.603131344e+00    0.657639573e+03    0.148364515e+03    0.389852916e+00
   0.605585456e+00    0.660920385e+03    0.149644067e+03    0.390031332e+00
   0.608039568e+00    0.664208365e+03    0.150926545e+03    0.390202962e+00
   0.610493680e+00    0.667500289e+03    0.152211860e+03    0.390615224e+00
   0.612947792e+00    0.670798954e+03    0.153500518e+03    0.390689350e+00
   0.615401904e+00    0.674102131e+03    0.154791376e+03    0.390955505e+00
   0.617856016e+00    0.677410611e+03    0.156085577e+03    0.391414167e+00
   0.620310128e+00    0.680723563e+03    0.157382713e+03    0.391523379e+00
   0.622764240e+00    0.684040679e+03    0.158681590e+03    0.391799890e+00
   0.625218352e+00    0.687364264e+03    0.159984603e+03    0.392114964e+00
   0.627672464e+00    0.690693779e+03    0.161290050e+03    0.392186083e+00
   0.630126576e+00    0.694027041e+03    0.162598252e+03    0.392737604e+00
   0.632580688e+00    0.697365717e+03    0.163909858e+03    0.392877214e+00
   0.635034800e+00    0.700710340e+03    0.165223909e+03    0.392926940e+00
   0.637488912e+00    0.704058588e+03    0.166539864e+03    0.393187380e+00
   0.639943024e+00    0.707412230e+03    0.167859288e+03    0.393656534e+00
   0.642397136e+00    0.710771321e+03    0.169181854e+03    0.393703270e+00
   0.644851248e+00    0.714136388e+03    0.170506774e+03    0.393865624e+00
   0.647305360e+00    0.717505399e+03    0.171834168e+03    0.394026983e+00
   0.649759472e+00    0.720880286e+03    0.173163991e+03    0.394144848e+00
   0.652213584e+00    0.724259247e+03    0.174496528e+03    0.394571655e+00
   0.654667696e+00    0.727643737e+03    0.175832382e+03    0.394747204e+00
   0.657121808e+00    0.731031834e+03    0.177169728e+03    0.394725836e+00
   0.659575920e+00    0.734426058e+03    0.178509980e+03    0.395051226e+00
   0.662030032e+00    0.737825692e+03    0.179853359e+03    0.395154443e+00
   0.664484144e+00    0.741230173e+03    0.181198950e+03    0.395498482e+00
   0.666938256e+00    0.744639576e+03    0.182548144e+03    0.395745961e+00
   0.669392368e+00    0.748053903e+03    0.183898835e+03    0.395525916e+00
   0.671846480e+00    0.751472736e+03    0.185251333e+03    0.395720843e+00
   0.674300592e+00    0.754896938e+03    0.186607159e+03    0.396223420e+00
   0.676754704e+00    0.758326000e+03    0.187966080e+03    0.396176515e+00
   0.679208816e+00    0.761760049e+03    0.189326314e+03    0.396262533e+00
   0.681662928e+00    0.765198788e+03    0.190689926e+03    0.396662507e+00
   0.684117040e+00    0.768643630e+03    0.192055912e+03    0.396393892e+00
   0.686571152e+00    0.772091427e+03    0.193423047e+03    0.396843301e+00
   0.689025264e+00    0.775544772e+03    0.194794271e+03    0.397064335e+00
   0.691479376e+00    0.779003402e+03    0.196167129e+03    0.396936570e+00
   0.693933488e+00    0.782466919e+03    0.197542363e+03    0.397154532e+00
   0.696387600e+00    0.785935356e+03    0.198920051e+03    0.397267841e+00
   0.698841712e+00    0.789408677e+03    0.200300166e+03    0.397450196e+00
   0.701295824e+00    0.792887116e+03    0.201682953e+03    0.397527022e+00
   0.703749936e+00    0.796369349e+03    0.203066981e+03    0.397463219e+00
   0.706204048e+00    0.799856868e+03    0.204453794e+03    0.397850157e+00
   0.708658160e+00    0.803349079e+03    0.205843138e+03    0.397691967e+00
   0.711112272e+00    0.806846870e+03    0.207234322e+03    0.398041664e+00
   0.713566384e+00    0.810348710e+03    0.208629173e+03    0.398297929e+00
   0.716020496e+00    0.813856471e+03    0.210025372e+03    0.397886097e+00
   0.718474608e+00    0.817367724e+03    0.211422971e+03    0.398287069e+00
   0.720928720e+00    0.820882925e+03    0.212823777e+03    0.398576263e+00
   0.723382832e+00    0.824404542e+03    0.214227073e+03    0.398374795e+00
   0.725836944e+00    0.827930821e+03    0.215631905e+03    0.398513319e+00
   0.728291056e+00    0.831462196e+03    0.217039517e+03    0.398544684e+00
   0.730745168e+00    0.834997642e+03    0.218448506e+03    0.398732504e+00
   0.733199280e+00    0.838537456e+03    0.219860679e+03    0.398894531e+00
   0.735653392e+00    0.842083489e+03    0.221274544e+03    0.398731615e+00
   0.738107504e+00    0.845631815e+03    0.222690109e+03    0.399071505e+00
   0.740561616e+00    0.849186507e+03    0.224108643e+03    0.399021472e+00
   0.743015728e+00    0.852745229e+03    0.225528527e+03    0.398980508e+00
   0.745469840e+00    0.856309617e+03    0.226950984e+03    0.399231574e+00
   0.747923952e+00    0.859877823e+03    0.228375952e+03    0.399364898e+00
   0.750378064e+00    0.863451385e+03    0.229802769e+03    0.399200672e+00
   0.752832176e+00    0.867028327e+03    0.231230870e+03    0.399364887e+00
   0.755286288e+00    0.870611166e+03    0.232661976e+03    0.399418586e+00
   0.757740400e+00    0.874198301e+03    0.234094628e+03    0.399417190e+00
   0.760194512e+00    0.877790178e+03    0.235529598e+03    0.399576866e+00
   0.762648624e+00    0.881386994e+03    0.236967058e+03    0.399724009e+00
   0.765102736e+00    0.884988602e+03    0.238406767e+03    0.399721211e+00
   0.767556848e+00    0.888593428e+03    0.239847744e+03    0.399780574e+00
   0.770010960e+00    0.892202792e+03    0.241290580e+03    0.399645808e+00
   0.772465072e+00    0.895818442e+03    0.242735575e+03    0.399805345e+00
   0.774919184e+00    0.899437965e+03    0.244183215e+03    0.399940980e+00
   0.777373296e+00    0.903061981e+03    0.245632291e+03    0.399878259e+00
   0.779827408e+00    0.906691083e+03    0.247083662e+03    0.399860461e+00
   0.782281520e+00    0.910323965e+03    0.248536397e+03    0.400091215e+00
   0.784735632e+00    0.913962630e+03    0.249992393e+03    0.399950424e+00
   0.787189744e+00    0.917603479e+03    0.251448429e+03    0.400157252e+00
   0.789643856e+00    0.921250442e+03    0.252907996e+03    0.399978999e+00
   0.792097968e+00    0.924902690e+03    0.254368557e+03    0.400134827e+00
   0.794552080e+00    0.928558195e+03    0.255831989e+03    0.400337542e+00
   0.797006192e+00    0.932218993e+03    0.257297175e+03    0.400153813e+00
   0.799460304e+00    0.935884671e+03    0.258764076e+03    0.400317088e+00
   0.801914416e+00    0.939552035e+03    0.260232516e+03    0.400286833e+00
   0.804368528e+00    0.943226751e+03    0.261702909e+03    0.400201493e+00
   0.806822640e+00    0.946905310e+03    0.263175667e+03    0.400378677e+00
   0.809276752e+00    0.950587981e+03    0.264649827e+03    0.400274212e+00
   0.811730864e+00    0.954276404e+03    0.266126214e+03    0.400255005e+00
   0.814184976e+00    0.957968135e+03    0.267604062e+03    0.400450110e+00
   0.816639088e+00    0.961664418e+03    0.269084700e+03    0.400618447e+00
   0.819093200e+00    0.965364280e+03    0.270566549e+03    0.400347750e+00
   0.821547312e+00    0.969069784e+03    0.272049689e+03    0.400296048e+00
   0.824001424e+00    0.972779929e+03    0.273535371e+03    0.400511432e+00
   0.826455536e+00    0.976493550e+03    0.275022411e+03    0.400324449e+00
   0.828909648e+00    0.980213049e+03    0.276511872e+03    0.400708870e+00
   0.831363760e+00    0.983935504e+03    0.278003427e+03    0.400379791e+00
   0.833817872e+00    0.987663292e+03    0.279495484e+03    0.400500693e+00
   0.836271984e+00    0.991393721e+03    0.280990536e+03    0.400751411e+00
   0.838726096e+00    0.995129627e+03    0.282486964e+03    0.400442184e+00
   0.841180208e+00    0.998871864e+03    0.283985362e+03    0.400353600e+00
   0.843634320e+00    0.100261950e+04    0.285485539e+03    0.400250984e+00
   0.846088432e+00    0.100636801e+04    0.286986766e+03    0.400965194e+00
   0.848542544e+00    0.101011602e+04    0.288490323e+03    0.400887385e+00
   0.850996656e+00    0.101387358e+04    0.289995658e+03    0.400763829e+00
   0.853450768e+00    0.101763422e+04    0.291502871e+03    0.400326932e+00
   0.855904880e+00    0.102140572e+04    0.293011549e+03    0.400319981e+00
   0.858358992e+00    0.102517506e+04    0.294522456e+03    0.400918788e+00
   0.860813104e+00    0.102895060e+04    0.296034383e+03    0.400014842e+00
   0.863267216e+00    0.103273328e+04    0.297548114e+03    0.400792275e+00
   0.865721328e+00    0.103651381e+04    0.299064746e+03    0.400878516e+00
   0.868175440e+00    0.104030277e+04    0.300581148e+03    0.399957354e+00
   0.870629552e+00    0.104409556e+04    0.302100042e+03    0.401111834e+00
   0.873083664e+00    0.104788848e+04    0.303621526e+03    0.400666648e+00
   0.875537776e+00    0.105169220e+04    0.305144213e+03    0.400372660e+00
   0.877991888e+00    0.105549881e+04    0.306668376e+03    0.400287340e+00
   0.880446000e+00    0.105930953e+04    0.308194848e+03    0.400916309e+00
   0.882900112e+00    0.106312187e+04    0.309721883e+03    0.400062225e+00
   0.885354224e+00    0.106694177e+04    0.311250881e+03    0.400683043e+00
   0.887808336e+00    0.107076333e+04    0.312782135e+03    0.400644811e+00
   0.890262448e+00    0.107458878e+04    0.314314341e+03    0.400030076e+00
   0.892716560e+00    0.107842517e+04    0.315848872e+03    0.400938776e+00
   0.895170672e+00    0.108225180e+04    0.317384760e+03    0.400358058e+00
   0.897624784e+00    0.108609945e+04    0.318921994e+03    0.400212054e+00
   0.900078896e+00    0.108993695e+04    0.320461376e+03    0.400914796e+00
   0.902533008e+00    0.109378433e+04    0.322001405e+03    0.400259546e+00
   0.904987120e+00    0.109763679e+04    0.323543860e+03    0.400198749e+00
   0.907441232e+00    0.110149694e+04    0.325088213e+03    0.400174792e+00
   0.909895344e+00    0.110535605e+04    0.326633580e+03    0.400775872e+00
   0.912349456e+00    0.110921463e+04    0.328181118e+03    0.401144393e+00
   0.914803568e+00    0.111308281e+04    0.329730269e+03    0.399495694e+00
   0.917257680e+00    0.111696211e+04    0.331279875e+03    0.400428339e+00
   0.919711792e+00    0.112083299e+04    0.332832402e+03    0.400623364e+00
   0.922165904e+00    0.112471477e+04    0.334385466e+03    0.400397207e+00
   0.924620016e+00    0.112859877e+04    0.335941485e+03    0.400150580e+00
   0.927074128e+00    0.113249254e+04    0.337498177e+03    0.400038733e+00
   0.929528240e+00    0.113638386e+04    0.339056242e+03    0.400387554e+00
   0.931982352e+00    0.114028201e+04    0.340615912e+03    0.399845648e+00
   0.934436464e+00    0.114418587e+04    0.342177137e+03    0.400315820e+00
   0.936890576e+00    0.114808872e+04    0.343740384e+03    0.400245103e+00
   0.939344688e+00    0.115200269e+04    0.345305077e+03    0.399711255e+00
   0.941798800e+00    0.115591729e+04    0.346870964e+03    0.400184176e+00
   0.944252912e+00    0.115983166e+04    0.348438247e+03    0.400767402e+00
   0.946707024e+00    0.116374830e+04    0.350007882e+03    0.400179267e+00
   0.949161136e+00    0.116767947e+04    0.351578159e+03    0.399314633e+00
   0.951615248e+00    0.117160941e+04    0.353150166e+03    0.400595586e+00
   0.954069360e+00    0.117554127e+04    0.354724771e+03    0.400105526e+00
   0.956523472e+00    0.117947797e+04    0.356299196e+03    0.399931139e+00
   0.958977584e+00    0.118342383e+04    0.357876729e+03    0.399551014e+00
   0.961431696e+00    0.118737197e+04    0.359454778e+03    0.400172098e+00
   0.963885808e+00    0.119132024e+04    0.361034978e+03    0.399656646e+00
   0.966339920e+00    0.119527808e+04    0.362614755e+03    0.399297524e+00
   0.968794032e+00    0.119923716e+04    0.364198043e+03    0.400321737e+00
   0.971248144e+00    0.120319524e+04    0.365782712e+03    0.400219718e+00
   0.973702256e+00    0.120715966e+04    0.367368334e+03    0.399882353e+00
   0.976156368e+00    0.121112951e+04    0.368955987e+03    0.399771823e+00
   0.978610480e+00    0.121510744e+04    0.370544821e+03    0.399227242e+00
   0.981064592e+00    0.121908746e+04    0.372134223e+03    0.399443132e+00
   0.983518704e+00    0.122306842e+04    0.373725352e+03    0.400140090e+00
   0.985972816e+00    0.122704994e+04    0.375318923e+03    0.399833525e+00
   0.988426928e+00    0.123104233e+04    0.376913721e+03    0.399549019e+00
   0.990881040e+00    0.123503670e+04    0.378509790e+03    0.399175827e+00
   0.993335152e+00    0.123904104e+04    0.380106937e+03    0.398991956e+00
   0.995789264e+00    0.124304449e+04    0.381706128e+03    0.399794197e+00
   0.998243376e+00    0.124704571e+04    0.383305881e+03    0.399626181e+00
   0.100069749e+01    0.125105621e+04    0.384907355e+03    0.399156990e+00
   0.100315160e+01    0.125507796e+04    0.386513388e+03    0.399636813e+00
   0.100560571e+01    0.125908050e+04    0.388113303e+03    0.399537401e+00
   0.100805982e+01    0.126311074e+04    0.389722114e+03    0.398997799e+00
   0.101051394e+01    0.126713894e+04    0.391330386e+03    0.399634542e+00
   0.101296805e+01    0.127115590e+04    0.392935549e+03    0.399158417e+00
   0.101542216e+01    0.127520277e+04    0.394549697e+03    0.399055484e+00
   0.101787627e+01    0.127923390e+04    0.396159797e+03    0.399415011e+00
   0.102033038e+01    0.128327169e+04    0.397770883e+03    0.398652003e+00
   0.102278450e+01    0.128732944e+04    0.399388718e+03    0.398981412e+00
   0.102523861e+01    0.129136669e+04    0.401000964e+03    0.399611580e+00
   0.102769272e+01    0.129541664e+04    0.402618909e+03    0.399127241e+00
   0.103014683e+01    0.129948074e+04    0.404240199e+03    0.399091367e+00
   0.103260094e+01    0.130354404e+04    0.405861942e+03    0.398717740e+00
   0.103505506e+01    0.130760350e+04    0.407478999e+03    0.398392786e+00
   0.103750917e+01    0.131168234e+04    0.409105367e+03    0.398971602e+00
   0.103996328e+01    0.131574753e+04    0.410727715e+03    0.399096316e+00
   0.104241739e+01    0.131981772e+04    0.412351308e+03    0.398698562e+00
   0.104487150e+01    0.132390926e+04    0.413982834e+03    0.398964649e+00
   0.104732562e+01    0.132797896e+04    0.415606586e+03    0.398740802e+00
   0.104977973e+01    0.133207149e+04    0.417237203e+03    0.398347792e+00
   0.105223384e+01    0.133616967e+04    0.418870825e+03    0.398950061e+00
   0.105468795e+01    0.134025031e+04    0.420498447e+03    0.398422141e+00
   0.105714206e+01    0.134436211e+04    0.422135270e+03    0.398189782e+00
   0.105959618e+01    0.134846304e+04    0.423769699e+03    0.398573363e+00
   0.106205029e+01    0.135256440e+04    0.425403401e+03    0.398415908e+00
   0.106450440e+01    0.135667883e+04    0.427044134e+03    0.398732991e+00
   0.106695851e+01    0.136080327e+04    0.428686354e+03    0.397934258e+00
   0.106941262e+01    0.136491153e+04    0.430322681e+03    0.398514700e+00
   0.107186674e+01    0.136903589e+04    0.431965239e+03    0.398063246e+00
   0.107432085e+01    0.137316787e+04    0.433611190e+03    0.398742188e+00
   0.107677496e+01    0.137728146e+04    0.435250864e+03    0.397992967e+00
   0.107922907e+01    0.138142624e+04    0.436898699e+03    0.397790460e+00
   0.108168318e+01    0.138556108e+04    0.438546075e+03    0.398574950e+00
   0.108413730e+01    0.138969436e+04    0.440191781e+03    0.398008199e+00
   0.108659141e+01    0.139384515e+04    0.441845141e+03    0.398367551e+00
   0.108904552e+01    0.139798725e+04    0.443492901e+03    0.397488569e+00
   0.109149963e+01    0.140213722e+04    0.445144213e+03    0.398301031e+00
   0.109395374e+01    0.140630126e+04    0.446801742e+03    0.397673788e+00
   0.109640786e+01    0.141044800e+04    0.448451405e+03    0.398314026e+00
   0.109886197e+01    0.141461237e+04    0.450110298e+03    0.397799572e+00
   0.110131608e+01    0.141878871e+04    0.451769746e+03    0.397523656e+00
   0.110377019e+01    0.142295823e+04    0.453429101e+03    0.398005859e+00
   0.110622430e+01    0.142712255e+04    0.455085046e+03    0.397425576e+00
   0.110867842e+01    0.143131429e+04    0.456751025e+03    0.397466215e+00
   0.111113253e+01    0.143548768e+04    0.458410241e+03    0.397864918e+00
   0.111358664e+01    0.143966553e+04    0.460073282e+03    0.397845959e+00
   0.111604075e+01    0.144386398e+04    0.461742137e+03    0.397547797e+00
   0.111849486e+01    0.144804341e+04    0.463403916e+03    0.397164940e+00
   0.112094898e+01    0.145225122e+04    0.465073895e+03    0.397312867e+00
   0.112340309e+01    0.145644627e+04    0.466743158e+03    0.397813072e+00
   0.112585720e+01    0.146064220e+04    0.468409201e+03    0.396627328e+00
   0.112831131e+01    0.146486209e+04    0.470084511e+03    0.397541874e+00
   0.113076542e+01    0.146906430e+04    0.471755477e+03    0.397471519e+00
   0.113321954e+01    0.147327328e+04    0.473427532e+03    0.396970024e+00
   0.113567365e+01    0.147750539e+04    0.475106629e+03    0.396968667e+00
   0.113812776e+01    0.148171078e+04    0.476778701e+03    0.397912156e+00
   0.114058187e+01    0.148593666e+04    0.478457639e+03    0.396442718e+00
   0.114303598e+01    0.149017850e+04    0.480138961e+03    0.397039634e+00
   0.114549010e+01    0.149440756e+04    0.481820602e+03    0.397432618e+00
   0.114794421e+01    0.149863590e+04    0.483497418e+03    0.396079279e+00
   0.115039832e+01    0.150288940e+04    0.485183848e+03    0.397075704e+00
   0.115285243e+01    0.150712462e+04    0.486865915e+03    0.396841677e+00
   0.115530654e+01    0.151136811e+04    0.488549553e+03    0.397094231e+00
   0.115776066e+01    0.151562389e+04    0.490240234e+03    0.396985349e+00
   0.116021477e+01    0.151986894e+04    0.491923442e+03    0.396289083e+00
   0.116266888e+01    0.152413016e+04    0.493613154e+03    0.396891016e+00
   0.116512299e+01    0.152839457e+04    0.495305565e+03    0.396465121e+00
   0.116757710e+01    0.153265167e+04    0.496991815e+03    0.396119891e+00
   0.117003122e+01    0.153692936e+04    0.498687549e+03    0.396629142e+00
   0.117248533e+01    0.154119699e+04    0.500380844e+03    0.396830835e+00
   0.117493944e+01    0.154546306e+04    0.502072238e+03    0.395976222e+00
   0.117739355e+01    0.154975242e+04    0.503770678e+03    0.396450411e+00
   0.117984766e+01    0.155403894e+04    0.505471191e+03    0.396310652e+00
   0.118230178e+01    0.155831893e+04    0.507165782e+03    0.396304032e+00
   0.118475589e+01    0.156260285e+04    0.508866403e+03    0.397015350e+00
