   1.58100E-11  1.46382E-08  3.10239E-14
   3.97200E-11  3.67742E-08  1.51809E-13
   9.97600E-11  9.23403E-08  7.18770E-13
   2.50600E-10  2.32023E-07  3.28852E-12
   6.29400E-10  5.82849E-07  1.44752E-11
   1.58100E-09  1.46382E-06  6.09178E-11
   3.97200E-09  3.67798E-06  2.44227E-10
   5.00000E-09  4.62986E-06  3.28417E-10
   9.97600E-09  9.23962E-06  8.96126E-10
   1.99000E-08  1.84346E-05  2.39359E-09
   3.97200E-08  3.67854E-05  6.28227E-09
   7.92400E-08  7.34145E-05  1.62617E-08
   1.58100E-07  1.46494E-04  4.16905E-08
   1.99000E-07  1.84457E-04  5.45668E-08
   3.15500E-07  2.92374E-04  1.01727E-07
   5.00000E-07  4.63432E-04  1.89158E-07
   6.29400E-07  5.83408E-04  2.57849E-07
   7.92400E-07  7.34703E-04  3.14482E-07
   9.97600E-07  9.25078E-04  4.28394E-07
   1.58100E-06  1.46606E-03  7.94328E-07
   2.50600E-06  2.32470E-03  1.47130E-06
   3.97200E-06  3.68524E-03  2.72398E-06
   5.00000E-06  4.64046E-03  3.53573E-06
   6.29400E-06  5.83966E-03  4.80974E-06
   7.92400E-06  7.35820E-03  6.54455E-06
   9.97600E-06  9.30699E-03  8.94234E-06
   3.15500E-05  2.94749E-02  3.73626E-05
   9.97600E-05  9.33504E-02  1.62690E-04
   1.58100E-04  1.48104E-01  2.80500E-04
   2.57200E-04  2.41174E-01  4.90314E-04
   3.95100E-04  3.70821E-01  5.71098E-04
   7.14300E-04  6.70956E-01  7.64082E-04
   5.00000E-03  4.70653E+00  7.86935E-03
   1.00000E-02  9.42222E+00  1.62059E-02
   1.50000E-02  1.41439E+01  2.93320E-02
   2.00000E-02  1.88705E+01  4.52964E-02
   2.50000E-02  2.36015E+01  6.35923E-02
   3.00000E-02  2.83363E+01  8.40158E-02
   3.50000E-02  3.30747E+01  1.06483E-01
   4.00000E-02  3.78165E+01  1.30973E-01
   4.50000E-02  4.25615E+01  1.57508E-01
   5.00000E-02  4.73095E+01  1.86135E-01
   5.50000E-02  5.20605E+01  2.16916E-01
   6.00000E-02  5.68144E+01  2.49931E-01
   6.50000E-02  6.15712E+01  2.85265E-01
   7.00000E-02  6.63308E+01  3.23012E-01
   7.50000E-02  7.10931E+01  3.63272E-01
   8.00000E-02  7.58583E+01  4.05507E-01
   1.00000E-01  9.54174E+01  9.28905E-01
   1.20000E-01  1.23430E+02  1.08931E+00
   1.40000E-01  1.55486E+02  1.22704E+00
   1.60000E-01  1.89149E+02  1.46057E+00
   1.80000E-01  2.24546E+02  1.80074E+00
   2.00000E-01  2.61790E+02  2.25842E+00
   2.20000E-01  3.00996E+02  2.84948E+00
   2.40000E-01  3.42316E+02  3.59872E+00
   2.60000E-01  3.85963E+02  4.54227E+00
   2.80000E-01  4.32225E+02  5.72661E+00
   3.00000E-01  4.81452E+02  7.20144E+00
   3.20000E-01  5.34002E+02  9.00488E+00
   3.40000E-01  5.90171E+02  1.11450E+01
   3.60000E-01  6.50106E+02  1.35884E+01
   3.80000E-01  7.13781E+02  1.62648E+01
   4.00000E-01  7.81017E+02  1.90856E+01
   4.20000E-01  8.51536E+02  2.19631E+01
   4.40000E-01  9.25015E+02  2.48247E+01
   4.60000E-01  1.00113E+03  2.76166E+01
   4.80000E-01  1.07956E+03  3.03032E+01
   5.00000E-01  1.16004E+03  3.28637E+01
   5.20000E-01  1.24231E+03  3.52879E+01
   5.40000E-01  1.32615E+03  3.75730E+01
   5.60000E-01  1.41138E+03  3.97212E+01
   5.80000E-01  1.49784E+03  4.17374E+01
   6.00000E-01  1.55509E+03  5.72170E+01
   6.20000E-01  1.60817E+03  7.50103E+01
   6.40000E-01  1.66180E+03  9.29880E+01
   6.60000E-01  1.71598E+03  1.11146E+02
   6.80000E-01  1.77069E+03  1.29482E+02
   7.00000E-01  1.82593E+03  1.47991E+02
   7.20000E-01  1.88168E+03  1.66671E+02
   7.40000E-01  1.93793E+03  1.85518E+02
   7.60000E-01  1.99469E+03  2.04529E+02
   7.80000E-01  2.05193E+03  2.23702E+02
   8.00000E-01  2.10964E+03  2.43034E+02
   8.20000E-01  2.16783E+03  2.62521E+02
   8.40000E-01  2.22649E+03  2.82163E+02
   8.60000E-01  2.28559E+03  3.01956E+02
   8.80000E-01  2.34515E+03  3.21897E+02
   9.00000E-01  2.40515E+03  3.41986E+02
   9.20000E-01  2.46559E+03  3.62219E+02
   9.40000E-01  2.52645E+03  3.82594E+02
   9.60000E-01  2.58774E+03  4.03111E+02
   9.80000E-01  2.64945E+03  4.23765E+02
   1.00000E+00  2.71157E+03  4.44557E+02
   1.02000E+00  2.77410E+03  4.65483E+02
   1.04000E+00  2.83703E+03  4.86543E+02
   1.06000E+00  2.90035E+03  5.07734E+02
   1.08000E+00  2.96406E+03  5.29055E+02
   1.10000E+00  3.02816E+03  5.50504E+02
   1.12000E+00  3.09265E+03  5.72080E+02
   1.14000E+00  3.15751E+03  5.93781E+02
   1.16000E+00  3.22274E+03  6.15606E+02
   1.18000E+00  3.28834E+03  6.37553E+02
   1.20000E+00  3.35431E+03  6.59622E+02
   1.22000E+00  3.42064E+03  6.81810E+02
   1.24000E+00  3.48732E+03  7.04117E+02
   1.26000E+00  3.55436E+03  7.26540E+02
   1.28000E+00  3.62174E+03  7.49080E+02
   1.30000E+00  3.68948E+03  7.71735E+02
   1.32000E+00  3.75755E+03  7.94503E+02
   1.34000E+00  3.82596E+03  8.17383E+02
   1.36000E+00  3.89471E+03  8.40375E+02
   1.38000E+00  3.96379E+03  8.63477E+02
   1.40000E+00  4.03320E+03  8.86688E+02
   1.42000E+00  4.10293E+03  9.10007E+02
   1.44000E+00  4.17298E+03  9.33434E+02
   1.46000E+00  4.24336E+03  9.56966E+02
   1.48000E+00  4.31405E+03  9.80604E+02
   1.50000E+00  4.38506E+03  1.00435E+03
   1.52000E+00  4.45638E+03  1.02819E+03
   1.54000E+00  4.52800E+03  1.05214E+03
   1.56000E+00  4.59993E+03  1.07619E+03
   1.58000E+00  4.67217E+03  1.10034E+03
   1.60000E+00  4.74470E+03  1.12459E+03
   1.62000E+00  4.81754E+03  1.14894E+03
   1.64000E+00  4.89067E+03  1.17339E+03
   1.66000E+00  4.96409E+03  1.19793E+03
   1.68000E+00  5.03780E+03  1.22257E+03
   1.70000E+00  5.11180E+03  1.24731E+03
   1.72000E+00  5.18609E+03  1.27214E+03
   1.74000E+00  5.26066E+03  1.29707E+03
   1.76000E+00  5.33552E+03  1.32209E+03
   1.78000E+00  5.41065E+03  1.34720E+03
   1.80000E+00  5.48606E+03  1.37241E+03
   1.82000E+00  5.56175E+03  1.39771E+03
   1.84000E+00  5.63772E+03  1.42310E+03
   1.86000E+00  5.71395E+03  1.44858E+03
   1.88000E+00  5.79045E+03  1.47415E+03
   1.90000E+00  5.86722E+03  1.49980E+03
   1.92000E+00  5.94426E+03  1.52555E+03
   1.94000E+00  6.02156E+03  1.55138E+03
   1.96000E+00  6.09913E+03  1.57731E+03
   1.98000E+00  6.17695E+03  1.60331E+03
   2.00000E+00  6.25503E+03  1.62941E+03
   2.02000E+00  6.33338E+03  1.65559E+03
   2.04000E+00  6.41197E+03  1.68185E+03
   2.06000E+00  6.49082E+03  1.70820E+03
   2.08000E+00  6.56992E+03  1.73463E+03
   2.10000E+00  6.64928E+03  1.76115E+03
   2.12000E+00  6.72888E+03  1.78775E+03
   2.14000E+00  6.80873E+03  1.81443E+03
   2.16000E+00  6.88882E+03  1.84119E+03
   2.18000E+00  6.96916E+03  1.86804E+03
   2.20000E+00  7.04974E+03  1.89496E+03
   2.22000E+00  7.13057E+03  1.92197E+03
   2.24000E+00  7.21163E+03  1.94905E+03
   2.26000E+00  7.29294E+03  1.97622E+03
   2.28000E+00  7.37448E+03  2.00346E+03
   2.30000E+00  7.45625E+03  2.03078E+03
   2.32000E+00  7.53826E+03  2.05818E+03
   2.34000E+00  7.62050E+03  2.08566E+03
   2.36000E+00  7.70298E+03  2.11321E+03
   2.38000E+00  7.78568E+03  2.14084E+03
   2.40000E+00  7.86862E+03  2.16855E+03
   2.42000E+00  7.95178E+03  2.19633E+03
   2.44000E+00  8.03517E+03  2.22419E+03
   2.46000E+00  8.11878E+03  2.25212E+03
   2.48000E+00  8.20262E+03  2.28013E+03
   2.50000E+00  8.28668E+03  2.30821E+03
   2.52000E+00  8.37097E+03  2.33637E+03
   2.54000E+00  8.45547E+03  2.36460E+03
   2.56000E+00  8.54020E+03  2.39290E+03
   2.58000E+00  8.62514E+03  2.42128E+03
   2.60000E+00  8.71030E+03  2.44972E+03
   2.62000E+00  8.79567E+03  2.47824E+03
   2.64000E+00  8.88126E+03  2.50683E+03
   2.66000E+00  8.96707E+03  2.53549E+03
   2.68000E+00  9.05309E+03  2.56423E+03
   2.70000E+00  9.13932E+03  2.59303E+03
   2.72000E+00  9.22576E+03  2.62190E+03
   2.74000E+00  9.31241E+03  2.65084E+03
   2.76000E+00  9.39927E+03  2.67986E+03
   2.78000E+00  9.48633E+03  2.70894E+03
   2.80000E+00  9.57361E+03  2.73809E+03
   2.82000E+00  9.66108E+03  2.76731E+03
   2.84000E+00  9.74877E+03  2.79659E+03
   2.86000E+00  9.83666E+03  2.82595E+03
   2.88000E+00  9.92475E+03  2.85537E+03
   2.90000E+00  1.00130E+04  2.88486E+03
   2.92000E+00  1.01015E+04  2.91441E+03
   2.94000E+00  1.01902E+04  2.94404E+03
   2.96000E+00  1.02791E+04  2.97372E+03
   2.98000E+00  1.03682E+04  3.00348E+03
   3.00000E+00  1.04575E+04  3.03330E+03
