# nb (fm^-1)   E (MeV)     P (MeV/fm^3)    cs2
4.000000e-02 3.762459e+01 1.645567e-02 3.983484e-03
6.000000e-02 5.649481e+01 1.690550e-01 1.283204e-02
8.000000e-02 7.548021e+01 5.230771e-01 2.485644e-02
1.000000e-01 9.463630e+01 1.131936e+00 3.897673e-02
1.200000e-01 1.140160e+02 2.041570e+00 5.530868e-02
1.400000e-01 1.336712e+02 3.298559e+00 7.235119e-02
1.600000e-01 1.536261e+02 4.908669e+00 8.907677e-02
1.800000e-01 1.738927e+02 6.904714e+00 1.087129e-01
2.000000e-01 1.945099e+02 9.391921e+00 1.332639e-01
2.200000e-01 2.155126e+02 1.249801e+01 1.635511e-01
2.400000e-01 2.369371e+02 1.639289e+01 2.012444e-01
2.600000e-01 2.588205e+02 2.128406e+01 2.469452e-01
2.800000e-01 2.812007e+02 2.739091e+01 2.995628e-01
3.000000e-01 3.041167e+02 3.490168e+01 3.560275e-01
3.200000e-01 3.276092e+02 4.393334e+01 4.122431e-01
3.400000e-01 3.517199e+02 5.451746e+01 4.645925e-01
3.600000e-01 3.764904e+02 6.661580e+01 5.109206e-01
3.800000e-01 4.019591e+02 8.014976e+01 5.505726e-01
4.000000e-01 4.281598e+02 9.502681e+01 5.838921e-01
4.200000e-01 4.551208e+02 1.111569e+02 6.116863e-01
4.400000e-01 4.828648e+02 1.284603e+02 6.348727e-01
4.600000e-01 5.114097e+02 1.468694e+02 6.543033e-01
4.800000e-01 5.407695e+02 1.663281e+02 6.707018e-01
5.000000e-01 5.709547e+02 1.867904e+02 6.846561e-01
5.200000e-01 6.019733e+02 2.082187e+02 6.966338e-01
5.400000e-01 6.338311e+02 2.305817e+02 7.070033e-01
5.600000e-01 6.665324e+02 2.538534e+02 7.160540e-01
5.800000e-01 7.000801e+02 2.780122e+02 7.240143e-01
6.000000e-01 7.344761e+02 3.030396e+02 7.310651e-01
6.200000e-01 7.697215e+02 3.289196e+02 7.373504e-01
6.400000e-01 8.058169e+02 3.556384e+02 7.429859e-01
6.600000e-01 8.427622e+02 3.831840e+02 7.480652e-01
6.800000e-01 8.805570e+02 4.115456e+02 7.526647e-01
7.000000e-01 9.192005e+02 4.407136e+02 7.568468e-01
7.200000e-01 9.586918e+02 4.706792e+02 7.606636e-01
7.400000e-01 9.990295e+02 5.014344e+02 7.641582e-01
7.600000e-01 1.040212e+03 5.329718e+02 7.673668e-01
7.800000e-01 1.082239e+03 5.652846e+02 7.703201e-01
8.000000e-01 1.125107e+03 5.983662e+02 7.730442e-01
8.200000e-01 1.168815e+03 6.322106e+02 7.755614e-01
8.400000e-01 1.213362e+03 6.668121e+02 7.778909e-01
8.600000e-01 1.258745e+03 7.021650e+02 7.800493e-01
8.800000e-01 1.304963e+03 7.382640e+02 7.820510e-01
9.000000e-01 1.352013e+03 7.751040e+02 7.839088e-01
9.200000e-01 1.399894e+03 8.126801e+02 7.856337e-01
9.400000e-01 1.448603e+03 8.509872e+02 7.872357e-01
9.600000e-01 1.498139e+03 8.900208e+02 7.887233e-01
9.800000e-01 1.548498e+03 9.297761e+02 7.901045e-01
1.000000e+00 1.599681e+03 9.702486e+02 7.913861e-01
1.020000e+00 1.651683e+03 1.011434e+03 7.925744e-01
1.040000e+00 1.704503e+03 1.053327e+03 7.936752e-01
1.060000e+00 1.758139e+03 1.095925e+03 7.946933e-01
1.080000e+00 1.812589e+03 1.139222e+03 7.956337e-01
1.100000e+00 1.867850e+03 1.183214e+03 7.965003e-01
1.120000e+00 1.923921e+03 1.227897e+03 7.972972e-01
1.140000e+00 1.980800e+03 1.273267e+03 7.980278e-01
1.160000e+00 2.038483e+03 1.319320e+03 7.986955e-01
1.180000e+00 2.096970e+03 1.366051e+03 7.993032e-01
1.200000e+00 2.156257e+03 1.413456e+03 7.998538e-01
1.220000e+00 2.216343e+03 1.461531e+03 8.003498e-01
1.240000e+00 2.277226e+03 1.510273e+03 8.007937e-01
1.260000e+00 2.338904e+03 1.559676e+03 8.011876e-01
1.280000e+00 2.401374e+03 1.609737e+03 8.015337e-01
1.300000e+00 2.464634e+03 1.660452e+03 8.018339e-01
1.320000e+00 2.528682e+03 1.711817e+03 8.020901e-01
1.340000e+00 2.593516e+03 1.763827e+03 8.023041e-01
1.360000e+00 2.659135e+03 1.816479e+03 8.024773e-01
1.380000e+00 2.725534e+03 1.869768e+03 8.026115e-01
1.400000e+00 2.792714e+03 1.923690e+03 8.027080e-01
1.420000e+00 2.860671e+03 1.978242e+03 8.027683e-01
1.440000e+00 2.929404e+03 2.033420e+03 8.027935e-01
1.460000e+00 2.998909e+03 2.089218e+03 8.027851e-01
1.480000e+00 3.069186e+03 2.145634e+03 8.027441e-01
1.500000e+00 3.140232e+03 2.202664e+03 8.026717e-01
1.520000e+00 3.212045e+03 2.260302e+03 8.025690e-01
1.540000e+00 3.284623e+03 2.318547e+03 8.024370e-01
1.560000e+00 3.357964e+03 2.377392e+03 8.022767e-01
1.580000e+00 3.432065e+03 2.436835e+03 8.020890e-01
1.600000e+00 3.506925e+03 2.496871e+03 8.018749e-01
1.620000e+00 3.582541e+03 2.557497e+03 8.016351e-01
1.640000e+00 3.658912e+03 2.618709e+03 8.013706e-01
1.660000e+00 3.736035e+03 2.680502e+03 8.010821e-01
1.680000e+00 3.813908e+03 2.742873e+03 8.007705e-01
1.700000e+00 3.892530e+03 2.805818e+03 8.004364e-01
1.720000e+00 3.971897e+03 2.869332e+03 8.000805e-01
1.740000e+00 4.052009e+03 2.933413e+03 7.997037e-01
1.760000e+00 4.132862e+03 2.998056e+03 7.993064e-01
1.780000e+00 4.214455e+03 3.063257e+03 7.988895e-01
1.800000e+00 4.296786e+03 3.129012e+03 7.984534e-01
1.820000e+00 4.379853e+03 3.195318e+03 7.979989e-01
1.840000e+00 4.463654e+03 3.262171e+03 7.975265e-01
1.860000e+00 4.548186e+03 3.329567e+03 7.970367e-01
1.880000e+00 4.633447e+03 3.397502e+03 7.965301e-01
1.900000e+00 4.719436e+03 3.465973e+03 7.960072e-01
1.920000e+00 4.806151e+03 3.534975e+03 7.954687e-01
1.940000e+00 4.893589e+03 3.604505e+03 7.949148e-01
1.960000e+00 4.981748e+03 3.674559e+03 7.943462e-01
1.980000e+00 5.070627e+03 3.745134e+03 7.937634e-01
2.000000e+00 5.160223e+03 3.816225e+03 7.931667e-01
2.020000e+00 5.250534e+03 3.887829e+03 7.925566e-01
2.040000e+00 5.341558e+03 3.959943e+03 7.919336e-01
2.060000e+00 5.433294e+03 4.032563e+03 7.912980e-01
2.080000e+00 5.525739e+03 4.105684e+03 7.906503e-01
2.100000e+00 5.618891e+03 4.179304e+03 7.899910e-01
2.120000e+00 5.712749e+03 4.253419e+03 7.893202e-01
2.140000e+00 5.807309e+03 4.328026e+03 7.886386e-01
2.160000e+00 5.902571e+03 4.403120e+03 7.879463e-01
2.180000e+00 5.998532e+03 4.478698e+03 7.872438e-01
2.200000e+00 6.095190e+03 4.554758e+03 7.865315e-01
2.220000e+00 6.192543e+03 4.631294e+03 7.858096e-01
2.240000e+00 6.290590e+03 4.708304e+03 7.850785e-01
2.260000e+00 6.389328e+03 4.785785e+03 7.843385e-01
2.280000e+00 6.488755e+03 4.863732e+03 7.835900e-01
2.300000e+00 6.588869e+03 4.942143e+03 7.828332e-01
2.320000e+00 6.689669e+03 5.021014e+03 7.820684e-01
2.340000e+00 6.791152e+03 5.100341e+03 7.812959e-01
2.360000e+00 6.893317e+03 5.180122e+03 7.805161e-01
2.380000e+00 6.996161e+03 5.260353e+03 7.797291e-01
2.400000e+00 7.099683e+03 5.341031e+03 7.789353e-01
2.420000e+00 7.203880e+03 5.422152e+03 7.781350e-01
2.440000e+00 7.308751e+03 5.503714e+03 7.773282e-01
2.460000e+00 7.414294e+03 5.585712e+03 7.765155e-01
2.480000e+00 7.520506e+03 5.668144e+03 7.756968e-01
2.500000e+00 7.627386e+03 5.751007e+03 7.748726e-01
2.520000e+00 7.734933e+03 5.834297e+03 7.740431e-01
2.540000e+00 7.843143e+03 5.918011e+03 7.732083e-01
2.560000e+00 7.952016e+03 6.002147e+03 7.723687e-01
2.580000e+00 8.061549e+03 6.086700e+03 7.715244e-01
2.600000e+00 8.171740e+03 6.171669e+03 7.706756e-01
2.620000e+00 8.282587e+03 6.257049e+03 7.698225e-01
2.640000e+00 8.394090e+03 6.342838e+03 7.689653e-01
2.660000e+00 8.506245e+03 6.429033e+03 7.681042e-01
2.680000e+00 8.619050e+03 6.515631e+03 7.672394e-01
2.700000e+00 8.732505e+03 6.602629e+03 7.663711e-01
2.720000e+00 8.846607e+03 6.690024e+03 7.654994e-01
2.740000e+00 8.961355e+03 6.777812e+03 7.646246e-01
2.760000e+00 9.076745e+03 6.865992e+03 7.637468e-01
2.780000e+00 9.192778e+03 6.954560e+03 7.628662e-01
2.800000e+00 9.309450e+03 7.043514e+03 7.619829e-01
2.820000e+00 9.426760e+03 7.132850e+03 7.610971e-01
2.840000e+00 9.544706e+03 7.222566e+03 7.602090e-01
2.860000e+00 9.663286e+03 7.312659e+03 7.593187e-01
2.880000e+00 9.782499e+03 7.403127e+03 7.584263e-01
2.900000e+00 9.902342e+03 7.493965e+03 7.575320e-01
2.920000e+00 1.002281e+04 7.585173e+03 7.566360e-01
2.940000e+00 1.014391e+04 7.676747e+03 7.557383e-01
2.960000e+00 1.026564e+04 7.768684e+03 7.548391e-01
2.980000e+00 1.038799e+04 7.860982e+03 7.539386e-01
3.000000e+00 1.051096e+04 7.953639e+03 7.530368e-01
