9.30057285198649e-05	2.100425e-08	1e-07
0.00010105986096175276	2.349717077390541e-08	1.0865776309428711e-07
0.00010981146929366646	2.627902214493581e-08	1.180650948065422e-07
0.0001193211713035789	2.9389176751233725e-08	1.2828689101193805e-07
0.00012965445387388874	3.2861611417592244e-08	1.3939366611677796e-07
0.00014088260904374184	3.6735441161679766e-08	1.5146203949761014e-07
0.00015308323467613092	4.1065345313052066e-08	1.6457526405508878e-07
0.000166340606399218	4.589824807314964e-08	1.788238005287758e-07
0.0001807460987480274	5.129156767003642e-08	1.9430594153475772e-07
0.0001963994281983574	5.731518882549157e-08	2.111284896309611e-07
0.0002134083506347313	6.403164082962972e-08	2.294074940877562e-07
0.00023189069116531075	7.152762883308621e-08	2.492690514464148e-07
0.00025197377323899487	7.989306433051651e-08	2.7085017538802205e-07
0.0002737964126560555	8.92269916012758e-08	2.9429974191357813e-07
0.000297509123912811	9.963556340590762e-08	3.19779516355554e-07
0.0003232759266527616	1.1124981959260296e-07	3.474652693056749e-07
0.0003512745240438509	1.2420625475022054e-07	3.7754798915708697e-07
0.00038169842446793376	1.3865200963058442e-07	4.1023519962555236e-07
0.0004147576836909142	1.5476101394031442e-07	4.4575239133850843e-07
0.0004506805843083723	1.727151679389944e-07	4.843445773677158e-07
0.0004897151478649573	1.9275880235284074e-07	5.262779834362389e-07
0.0005321313143459928	2.1507378040349117e-07	5.7184188445954e-07
0.0005782215841018537	2.399600687725087e-07	6.213506000899539e-07
0.0006283045207894707	2.677184716244429e-07	6.751456630306733e-07
0.0006827261519326795	2.98629542847848e-07	7.335981750772229e-07
0.000741862294296915	3.330439342297127e-07	7.971113671394223e-07
0.0008061213584330283	3.714470047100122e-07	8.661233809039867e-07
0.0008759474370688352	4.141992166503157e-07	9.411102913268836e-07
0.0009518227157458173	4.6189233721784726e-07	1.0225893908059203e-06
0.0010342718821195627	5.149140425236595e-07	1.1111227576892107e-06
0.0011238640841927426	5.740006040125621e-07	1.2073211337366522e-06
0.0012212167048499	6.398645551773493e-07	1.3118481372828325e-06
0.0013270058516027898	7.131780426355633e-07	1.4254248411655985e-06
0.001441959489560686	7.947720626396948e-07	1.5488347470008342e-06
0.0015668744237640271	8.855880718452844e-07	1.6829291901181677e-06
0.00170261159791235	9.86646361695192e-07	1.8286332124432027e-06
0.001850110069011612	1.099356047844313e-06	1.986951943839988e-06
0.00201038795551438	1.2245469456734209e-06	2.158977535934986e-06
0.002184554578400276	1.3638819635166125e-06	2.345896696255114e-06
0.002373813111123368	1.5189978254012218e-06	2.5489988746535893e-06
0.0025794706100410007	1.6917025864778423e-06	2.769685158497141e-06
0.0028029500987516967	1.8834072819631145e-06	3.009477937977454e-06
0.0030457948394645327	2.096938535186672e-06	3.2700314082223784e-06
0.0033096839392797064	2.3343642147032047e-06	3.553142980655052e-06
0.003596442864809334	2.598207007007628e-06	3.8607656823214585e-06
0.00390805136990423	2.8917544384798883e-06	4.195021628722388e-06
0.004246665619113017	3.217935935896711e-06	4.558216663091276e-06
0.004614626012693593	3.5805809099944757e-06	4.952856263106036e-06
0.005014476055772864	3.9835494805302045e-06	5.3816628247663195e-06
0.0054489816289919136	4.431168662929389e-06	5.8475944426679055e-06
0.005921146714413315	4.9285927124082135e-06	6.353865316228792e-06
0.006434235949122008	5.480683522817896e-06	6.903967922637953e-06
0.006991797766087869	6.0938957178450185e-06	7.501697109485524e-06
0.007597687541633239	6.774896507586939e-06	8.151176273275763e-06
0.008256096623415752	7.531791262045005e-06	8.856885804413718e-06
0.008971578327895646	8.370869012161679e-06	9.623693994891405e-06
0.009749077139977521	9.302940565306158e-06	1.0456890621888236e-05
0.010593980702222307	1.0336205182287031e-05	1.1362223438960043e-05
0.01151212771366167	1.1483782886829727e-05	1.2345937826548766e-05
0.012509870249630912	1.2755261733976115e-05	1.3414819875339332e-05
0.013594110722836663	1.4166453487120192e-05	1.4576243199671557e-05
0.014772359424791878	1.5732066625033118e-05	1.583821980394625e-05
0.01605274755455718	1.7464942911636714e-05	1.720945535292438e-05
0.017444155003265932	1.9387718359876195e-05	1.869940922719768e-05
0.018956194185925743	2.1517664964899368e-05	2.031835977811972e-05
0.020599344211792704	2.3875978711138355e-05	2.207747523235424e-05
0.02238496807260124	2.648850440561469e-05	2.398889073517138e-05
0.02432542233459841	2.9382813618916863e-05	2.6065792063969905e-05
0.026434143990467292	3.258680198182903e-05	2.832250658951791e-05
0.02872572898548093	3.612991508478104e-05	3.077460211240222e-05
0.03121603140250724	4.005438630767466e-05	3.343899425650348e-05
0.033922298068051894	4.4394898363564666e-05	3.633406316034382e-05
0.0368632680425392	4.919635902068753e-05	3.947978027129504e-05
0.04005930217227544	5.4500816091150925e-05	4.289784611732886e-05
0.04353251537171765	6.036793032501668e-05	4.661184000671903e-05
0.04730696996227061	6.685152149097853e-05	5.064738268838889e-05
0.051408803974591834	7.401568138746731e-05	5.503231309500658e-05
0.05586641285473391	8.191728672304694e-05	5.979688038807858e-05
0.060710679278408446	9.06473249441702e-05	6.497395262985265e-05
0.0659751465136743	0.00010028932752114954	7.059924352153961e-05
0.07169627617550892	0.0001109284156262916	7.671155877199336e-05
0.07791370072414525	0.00012265144279932416	8.335306379640734e-05
0.08467049459849489	0.0001355807193589137	9.056957459173027e-05
0.09201344518026228	0.0001498389543573368	9.841087379538593e-05
0.09999343015111696	0.0001655466263659022	0.00010693105410760832
0.1086656619416262	0.00018284392040089016	0.000116188891446469
0.1180905274649334	0.00020190307181102853	0.00012624825040978267
0.1283329131558224	0.0002228521267779136	0.000137178524840944
0.1394640550365938	0.0002459163730064437	0.00014905511653791074
0.151560956197065	0.0002712903171635227	0.00016195995540767662
0.1647074803613654	0.00029918766092788254	0.00017598206465448628
0.1789947363113942	0.00032983108816653006	0.00019121817490070684
0.1945218801510245	0.00036347200604202766	0.00020777339147682965
0.2113962256609643	0.00040041648335830576	0.0002257619194838592
0.2297349870053532	0.00044095316204665393	0.00024530785162988695
0.2496651513049918	0.0004854201335077284	0.00026654602427568773
0.271324873091076	0.0005341752616691624	0.0002896229475947179
0.294864305984729	0.0005875771613075871	0.00031469781626415985
0.3204449101026797	0.0006338408861654264	0.00034194360765920566
0.3482417585769548	0.0006414720228358955	0.0003715482751263983
0.3784500172591885	0.0006652528663357723	0.0004037160445677519
0.4112760256296694	0.00068897510008522	0.0004386688232800544
0.446946107750464	0.0007139335961238867	0.0004766477307681384
0.4857067248114762	0.0007400848591768493	0.0005179147620923392
0.5278255906756779	0.0007675671130136593	0.0005627545952246346
0.5735935154205175	0.000797809574951975	0.0006114765548813978
0.6233268094168987	0.0008304467871048011	0.0006644167463801375
0.6773687468998326	0.0008654975938394127	0.0007219403742405002
0.7360928270161659	0.0009038609798251491	0.0007844442615242525
0.7999046201503343	0.000945576599392624	0.0008523595872937522
0.8692449459586363	0.0009914909497575715	0.0009261548610730885
0.9445928156683456	0.0010415303147250513	0.0010063391548310202
1.0264691875019023	0.0010962342131360823	0.0010934656147813411
1.1154380534246722	0.0011560259630987886	0.0011881352772265996
1.2121157645899825	0.0012221791083872695	0.00129100121476853
1.3171694328858028	0.0012944898516740375	0.0014027730414875573
1.4313258340403745	0.0013735912786300797	0.0015242218081700763
1.5553729435440236	0.0014600649063657596	0.0016561853213529004
1.690166760869647	0.0015546338156955015	0.0017995739228779922
1.8366394569454332	0.0016586924540236843	0.0019553767698273373
1.9958035703098889	0.0017715019499480596	0.0021246686581597126
2.1687569198587497	0.0018954371987239484	0.0023086174371217487
2.3566974104621234	0.002030522703629845	0.002508492065581152
2.560918968620331	0.0021777075886347894	0.0027256713658581565
2.7828375729408834	0.002337807836394665	0.002961653535442976
3.0239819742934104	0.002511661320498123	0.003218066482215207
3.2860204031519347	0.0027006277339451604	0.003496679054462058
3.5707638620253705	0.0029045335647139574	0.0037994132431649406
3.8801775275637462	0.0031266491896477164	0.004128357440731132
4.2163992106212	0.003366286877840048	0.004485780847635007
4.581751309482361	0.0036252028085017648	0.00487414912635215
4.978759459848108	0.003905100731131813	0.0052961414105739835
5.410164123049693	0.004206588202537612	0.005754668787039913
5.878946444575741	0.004533510134430832	0.0062528943774827145
6.388345079979823	0.0048861361520020985	0.006794255159221168
6.9418771631072484	0.005268603706014333	0.007382485674927913
7.543366568295907	0.005683298262412598	0.008021643795132854
8.19697110338867	0.0061371502275911725	0.008716138711183038
8.90720339437698	0.0066355547392850074	0.009470761351766714
9.678974816539649	0.0071870615681651415	0.010290717432827978
10.517614682040769	0.007802796671988742	0.01118166336886473
11.428903605200873	0.008499042590119825	0.01214974529334172
12.41917197965758	0.009294960339049823	0.013201641457398544
13.495248234603997	0.010218805587707876	0.014344608299337298
14.664568703688984	0.011305892097269116	0.015586530502697368
15.935230619008976	0.012604693173066749	0.016935975388239703
17.316034317542808	0.014176362460327168	0.018402252015060263
18.81653139775092	0.016104202509634496	0.01999547539853785
20.447114462856568	0.01849525219268713	0.021726636288119723
22.21949707479936	0.021290281337697812	0.02360767698630254
24.148654377871686	0.02308014450797979	0.02565157373184115
26.247457990925607	0.024127900622913364	0.02787242621550033
28.527302620149847	0.026094302967486827	0.030285554845868336
31.001522556010336	0.029920265943642357	0.032907606436214
33.68800047360521	0.03551215348785678	0.03575666904146178
36.60674648244031	0.04347420646137197	0.03885239673747984
39.78023867201924	0.05466309273810999	0.042216145203463375
43.22944466885523	0.07040673426595945	0.04587111904271948
46.978783959274125	0.09180105909484688	0.04984253185813655
51.05504709400015	0.1204317868620837	0.05415778018660857
55.48707169454018	0.158800527901272	0.05884663249228991
60.306766307188376	0.2098606149795381	0.06394143452243815
65.54885404016959	0.2774795135903904	0.06947733244247956
71.25146514179511	0.3662118604506464	0.07549251528957969
77.45657393354314	0.4823923769142108	0.08202847841726998
84.21041011915537	0.6340771739980628	0.08913030974848565
91.56402356300734	0.8315853563750879	0.0968470008117138
99.5738797648475	1.088197730456283	0.1052317847059142
108.30258387352836	1.4208058909885886	0.1143425033256425
117.81975083459749	1.850868883134016	0.124242006379654
128.20318406824225	2.405830405329045	0.1349985849555935
139.5401290507214	3.1204930389683	0.1466864426216887
151.92888610731714	4.038792801526355	0.159386207315312
165.4803010594569	5.215087542354899	0.173185487549641
180.320173592294	6.71674066439962	0.188179476775375
196.59160384421776	8.625715043098785	0.2044716100666559
214.45792336400953	11.041190690828032	0.2221742776613015
234.1058558509956	14.08132495888797	0.2414096002776606
255.74969059819048	17.886042827426174	0.262310271556566
279.63513350336177	22.61885062146116	0.2850204734399145
306.0445147157397	28.469696317597755	0.3096968708005579
335.3023058652384	35.65797543699159	0.3365096921848905
367.7814335510103	44.436047354575	0.3656439041235731
403.9105305234604	55.09388338988469	0.3973004871112944
444.1821891475103	67.96476278893563	0.431697822057839
489.1627828680757	83.43317908763798	0.4690731967748037
539.5033011999576	101.9447288228938	0.5096844428903654
595.917510052146	122.8556702127494	0.5538117144842502
659.1570885118846	147.2475717622087	0.6017594207127062
729.8984756726494	171.3789568644285	0.6538583257555667
807.7745600658974	171.85060184937274	0.7104678305717557
893.9379988380448	204.4109593017958	0.7719784522037793
991.0178509067144	252.48843713034765	0.8388145177345269
1101.0730750194914	310.4084885902088	0.9114370914804693
1226.1551239375476	379.998028166638	0.9903471556143087
1368.6644078461782	463.402834656652	1.0760890661584066
1531.4103995638245	563.1414658544292	1.1692543081899278
1717.6821510499303	682.169179000848	1.2704855761627574
1931.3304033754453	823.9539076879546	1.3804812074940174
2176.8647588785175	992.5690950000048	1.500000000000003
